6.51281e-09|-0.00280408
6.5111e-09|-0.00280433
6.5099e-09|-0.00280437
6.50875e-09|-0.0028044
6.50777e-09|-0.00280443
6.5069e-09|-0.00280446
6.50614e-09|-0.00280448
6.50547e-09|-0.0028045
6.50488e-09|-0.00280452
6.50436e-09|-0.00280454
6.5039e-09|-0.00280455
6.5035e-09|-0.00280457
6.50314e-09|-0.00280458
6.50283e-09|-0.00280459
6.50256e-09|-0.0028046
6.50232e-09|-0.0028046
6.5021e-09|-0.00280461
6.50192e-09|-0.00280462
6.50175e-09|-0.00280462
6.50161e-09|-0.00280463
6.50148e-09|-0.00280463
6.50137e-09|-0.00280463
6.50127e-09|-0.00280464
6.50119e-09|-0.00280464
6.50111e-09|-0.00280464
6.50104e-09|-0.00280464
6.50098e-09|-0.00280464
6.50093e-09|-0.00280465
6.50089e-09|-0.00280465
6.50084e-09|-0.00280465
6.50081e-09|-0.00280465
6.50078e-09|-0.00280465
6.50075e-09|-0.00280465
6.50073e-09|-0.00280465
6.50071e-09|-0.00280465
6.50069e-09|-0.00280465
6.50067e-09|-0.00280465
6.49753e-09|-0.00560879
6.46717e-09|-0.0112183
6.37952e-09|-0.019633
6.2015e-09|-0.0308531
5.91217e-09|-0.0442926
5.55678e-09|-0.0577324
5.18901e-09|-0.0711723
4.81775e-09|-0.0846122
4.44294e-09|-0.098052
4.06031e-09|-0.111492
3.66437e-09|-0.124932
3.2511e-09|-0.138371
2.81986e-09|-0.151811
2.374e-09|-0.165251
1.92018e-09|-0.178691
1.46656e-09|-0.192131
1.02045e-09|-0.205571
5.86132e-10|-0.21901
1.63656e-10|-0.23245
-2.50989e-10|-0.24589
-6.6431e-10|-0.25933
-1.08287e-09|-0.27277
-1.51085e-09|-0.286209
-1.94844e-09|-0.299649
-2.39173e-09|-0.313089
-2.83409e-09|-0.326529
-3.26861e-09|-0.339969
-3.69064e-09|-0.353408
-4.09954e-09|-0.366848
-4.49894e-09|-0.380288
-4.89545e-09|-0.393728
-5.29623e-09|-0.407168
-5.70637e-09|-0.420607
-6.12702e-09|-0.434047
-6.55498e-09|-0.447487
-6.98394e-09|-0.460927
-7.40682e-09|-0.474367
-7.81845e-09|-0.487806
-8.21751e-09|-0.501246
-8.60704e-09|-0.514686
-8.99339e-09|-0.528126
-9.3838e-09|-0.541566
-9.7838e-09|-0.555005
-1.01951e-08|-0.568445
-1.06152e-08|-0.581885
-1.10379e-08|-0.595325
-1.14561e-08|-0.608765
-1.18641e-08|-0.622205
-1.226e-08|-0.635644
-1.26461e-08|-0.649084
-1.30285e-08|-0.662524
-1.34143e-08|-0.675964
-1.38095e-08|-0.689404
-1.42164e-08|-0.702843
-1.4633e-08|-0.716283
-1.50535e-08|-0.729723
-1.54708e-08|-0.743163
-1.58787e-08|-0.756603
-1.62747e-08|-0.770042
-1.66606e-08|-0.783482
-1.70419e-08|-0.796922
-1.74258e-08|-0.810362
-1.78186e-08|-0.823802
-1.82231e-08|-0.837241
-1.8638e-08|-0.850681
-1.90579e-08|-0.864121
-1.94757e-08|-0.877561
-1.9885e-08|-0.891001
-2.02826e-08|-0.90444
-2.06695e-08|-0.91788
-2.1051e-08|-0.93132
-2.14341e-08|-0.94476
-2.18253e-08|-0.9582
-2.22283e-08|-0.971639
-2.26421e-08|-0.985079
-2.30619e-08|-0.998519
-2.34807e-08|-1.01196
-2.38918e-08|-1.0254
-2.42913e-08|-1.03884
-2.46799e-08|-1.05228
-2.5062e-08|-1.06572
-2.54448e-08|-1.07916
-2.5835e-08|-1.0926
-2.62366e-08|-1.10604
-2.66495e-08|-1.11948
-2.70692e-08|-1.13292
-2.74891e-08|-1.14636
-2.7902e-08|-1.1598
-2.83037e-08|-1.17324
-2.86941e-08|-1.18668
-2.90773e-08|-1.20012
-2.946e-08|-1.21356
-2.98492e-08|-1.227
-3.02496e-08|-1.24044
-3.06615e-08|-1.25388
-3.10812e-08|-1.26732
-3.15019e-08|-1.28075
-3.19167e-08|-1.29419
-3.23207e-08|-1.30763
-3.27131e-08|-1.32107
-3.30974e-08|-1.33451
-3.34802e-08|-1.34795
-3.38687e-08|-1.36139
-3.42678e-08|-1.37483
-3.46787e-08|-1.38827
-3.50982e-08|-1.40171
-3.55198e-08|-1.41515
-3.59363e-08|-1.42859
-3.63425e-08|-1.44203
-3.67369e-08|-1.45547
-3.71226e-08|-1.46891
-3.75057e-08|-1.48235
-3.78935e-08|-1.49579
-3.82914e-08|-1.50923
-3.87013e-08|-1.52267
-3.91204e-08|-1.53611
-3.95426e-08|-1.54955
-3.99608e-08|-1.56299
-4.03692e-08|-1.57643
-4.07658e-08|-1.58987
-4.11529e-08|-1.60331
-4.15365e-08|-1.61675
-4.19237e-08|-1.63019
-4.23205e-08|-1.64363
-4.27292e-08|-1.65707
-4.31478e-08|-1.67051
-4.35706e-08|-1.68395
-4.39903e-08|-1.69739
-4.44009e-08|-1.71083
-4.47997e-08|-1.72427
-4.51884e-08|-1.73771
-4.55725e-08|-1.75115
-4.59593e-08|-1.76459
-4.63551e-08|-1.77803
-4.67626e-08|-1.79147
-4.71806e-08|-1.80491
-4.76038e-08|-1.81835
-4.80249e-08|-1.83179
-4.84375e-08|-1.84523
-4.88385e-08|-1.85867
-4.9229e-08|-1.87211
-4.96139e-08|-1.88555
-5.00004e-08|-1.89899
-5.03951e-08|-1.91243
-5.08014e-08|-1.92587
-5.12187e-08|-1.93931
-5.16421e-08|-1.95275
-5.20645e-08|-1.96618
-5.24792e-08|-1.97962
-5.28824e-08|-1.99306
-5.32746e-08|-2.0065
-5.36605e-08|-2.01994
-5.40468e-08|-2.03338
-5.44406e-08|-2.04682
-5.48457e-08|-2.06026
-5.52622e-08|-2.0737
-5.56856e-08|-2.08714
-5.61091e-08|-2.10058
-5.65258e-08|-2.11402
-5.69313e-08|-2.12746
-5.73254e-08|-2.1409
-5.77123e-08|-2.15434
-5.80986e-08|-2.16778
-5.84915e-08|-2.18122
-5.88955e-08|-2.19466
-5.9311e-08|-2.2081
-5.97343e-08|-2.22154
-6.01588e-08|-2.23498
-6.05773e-08|-2.24842
-6.09851e-08|-2.26186
-6.13812e-08|-2.2753
-6.17693e-08|-2.28874
-6.21558e-08|-2.30218
-6.25479e-08|-2.31562
-6.29507e-08|-2.32906
-6.33652e-08|-2.3425
-6.37883e-08|-2.35594
-6.42136e-08|-2.36938
-6.46339e-08|-2.38282
-6.50439e-08|-2.39626
-6.54421e-08|-2.4097
-6.58315e-08|-2.42314
-6.62184e-08|-2.43658
-6.66098e-08|-2.45002
-6.70114e-08|-2.46346
-6.74248e-08|-2.4769
-6.78476e-08|-2.49034
-6.82735e-08|-2.50378
-6.86955e-08|-2.51722
-6.91077e-08|-2.53066
-6.9508e-08|-2.5441
-6.98989e-08|-2.55754
-7.02862e-08|-2.57098
-7.06771e-08|-2.58442
-7.10775e-08|-2.59786
-7.14899e-08|-2.6113
-7.19121e-08|-2.62474
-7.23386e-08|-2.63818
-7.27621e-08|-2.65161
-7.31764e-08|-2.66505
-7.3579e-08|-2.67849
-7.39715e-08|-2.69193
-7.43593e-08|-2.70537
-7.47498e-08|-2.71881
-7.51492e-08|-2.73225
-7.55604e-08|-2.74569
-7.5982e-08|-2.75913
-7.64088e-08|-2.77257
-7.68337e-08|-2.78601
-7.72502e-08|-2.79945
-7.76549e-08|-2.81289
-7.80491e-08|-2.82633
-7.84378e-08|-2.83977
-7.8828e-08|-2.85321
-7.92263e-08|-2.86665
-7.96363e-08|-2.88009
-8.00572e-08|-2.89353
-8.04842e-08|-2.90697
-8.09104e-08|-2.92041
-8.13288e-08|-2.93385
-8.17359e-08|-2.94729
-8.21319e-08|-2.96073
-8.25214e-08|-2.97417
-8.29115e-08|-2.98761
-8.33089e-08|-3.00105
-8.37177e-08|-3.01449
-8.41377e-08|-3.02793
-8.45648e-08|-3.04137
7.11906e-08|-3.05414
-0.000163978|-3.06623
-0.000623116|-3.07766
-0.00148031|-3.08839
-0.00280095|-3.09841
-0.00462523|-3.10768
-0.00713929|-3.11674
-0.0103131|-3.12557
-0.0140438|-3.13431
-0.0184061|-3.14273
-0.0233838|-3.15078
-0.0289549|-3.1584
-0.0351243|-3.16551
-0.0418581|-3.17207
-0.0490663|-3.17809
-0.0567676|-3.18349
-0.0648573|-3.18828
-0.0732911|-3.19244
-0.0820218|-3.19598
-0.0909999|-3.19903
-0.100251|-3.20141
-0.109673|-3.20308
-0.119071|-3.20405
-0.1285|-3.20432
-0.137912|-3.20388
-0.147245|-3.20273
-0.15761|-3.20057
-0.16945|-3.19769
-0.182391|-3.19422
-0.19535|-3.19077
-0.208301|-3.18731
-0.221256|-3.18381
-0.234208|-3.18026
-0.247151|-3.17668
-0.260089|-3.1731
-0.27303|-3.16951
-0.285312|-3.16612
-0.296982|-3.16307
-0.308071|-3.16049
-0.318656|-3.15847
-0.328673|-3.15708
-0.338756|-3.1563
-0.348861|-3.1561
-0.358949|-3.15651
-0.368982|-3.15753
-0.378756|-3.1592
-0.388285|-3.16148
-0.397806|-3.16432
-0.408571|-3.16811
-0.420523|-3.1728
-0.432967|-3.17781
-0.445409|-3.1828
-0.457855|-3.1878
-0.470298|-3.19284
-0.482736|-3.19791
-0.495161|-3.203
-0.507583|-3.2081
-0.520009|-3.21319
-0.532441|-3.21828
-0.544876|-3.22337
-0.557313|-3.22845
-0.56975|-3.23354
-0.581549|-3.23837
-0.593416|-3.24305
-0.605342|-3.24757
-0.617324|-3.25194
-0.629357|-3.25616
-0.64144|-3.26023
-0.653571|-3.26416
-0.665751|-3.26792
-0.677978|-3.27154
-0.690252|-3.27499
-0.70257|-3.27828
-0.714929|-3.28142
-0.727327|-3.2844
-0.739761|-3.28722
-0.75223|-3.28988
-0.764732|-3.29239
-0.777264|-3.29473
-0.789825|-3.29692
-0.802413|-3.29894
-0.815026|-3.3008
-0.827661|-3.30251
-0.840317|-3.30405
-0.852992|-3.30542
-0.865684|-3.30664
-0.878389|-3.30769
-0.891107|-3.30859
-0.903836|-3.30931
-0.916591|-3.30989
-0.930024|-3.31032
-0.943453|-3.31076
-0.956881|-3.31122
-0.97031|-3.31167
-0.983742|-3.31212
-0.997174|-3.31256
-1.01061|-3.313
-1.02404|-3.31343
-1.03747|-3.31387
-1.0509|-3.31431
-1.06433|-3.31475
-1.07777|-3.3152
-1.0912|-3.31564
-1.10463|-3.31608
-1.11806|-3.31653
-1.13149|-3.31697
-1.14493|-3.31741
-1.15836|-3.31785
-1.17179|-3.31829
-1.18522|-3.31873
-1.19866|-3.31918
-1.21209|-3.31962
-1.22552|-3.32006
-1.23895|-3.3205
-1.25239|-3.32094
-1.26582|-3.32139
-1.27925|-3.32183
-1.29269|-3.32227
-1.30612|-3.32271
-1.31955|-3.32315
-1.33298|-3.3236
-1.34642|-3.32404
-1.35985|-3.32448
-1.37328|-3.32492
-1.38671|-3.32536
-1.40015|-3.32581
-1.41358|-3.32625
-1.42701|-3.32669
-1.44044|-3.32713
-1.45388|-3.32757
-1.46731|-3.32802
-1.48074|-3.32846
-1.49417|-3.3289
-1.50761|-3.32934
-1.52104|-3.32978
-1.53447|-3.33023
-1.5479|-3.33067
-1.56134|-3.33111
-1.57477|-3.33155
-1.5882|-3.33199
-1.60163|-3.33244
-1.61507|-3.33288
-1.6285|-3.33332
-1.64193|-3.33376
-1.65536|-3.3342
-1.6688|-3.33465
-1.68223|-3.33509
-1.69566|-3.33553
-1.70909|-3.33597
-1.72253|-3.33641
-1.73596|-3.33685
-1.74939|-3.3373
-1.76282|-3.33774
-1.77626|-3.33818
-1.78969|-3.33862
-1.80312|-3.33906
-1.81655|-3.33951
-1.82999|-3.33995
-1.84342|-3.34039
-1.85685|-3.34083
-1.87028|-3.34127
-1.88372|-3.34172
-1.89715|-3.34216
-1.91058|-3.3426
-1.92401|-3.34304
-1.93745|-3.34348
-1.95088|-3.34392
-1.96431|-3.34437
-1.97774|-3.34481
-1.99118|-3.34525
-2.00461|-3.34569
-2.01804|-3.34613
-2.03147|-3.34658
-2.04491|-3.34702
-2.05834|-3.34746
-2.07177|-3.3479
-2.0852|-3.34834
-2.09864|-3.34878
-2.11207|-3.34923
-2.1255|-3.34967
-2.13893|-3.35011
-2.15237|-3.35055
-2.1658|-3.35099
-2.17923|-3.35143
-2.19266|-3.35188
-2.2061|-3.35232
-2.21953|-3.35276
-2.23296|-3.3532
-2.24639|-3.35364
-2.25983|-3.35409
-2.27326|-3.35453
-2.28669|-3.35497
-2.30012|-3.35541
-2.31356|-3.35585
-2.32699|-3.35629
-2.34042|-3.35674
-2.35386|-3.35718
-2.36729|-3.35762
-2.38072|-3.35806
-2.39415|-3.3585
-2.40759|-3.35894
-2.42102|-3.35939
-2.43445|-3.35983
-2.44788|-3.36027
-2.46132|-3.36071
-2.47475|-3.36115
-2.48818|-3.36159
-2.50161|-3.36204
-2.51505|-3.36248
-2.52848|-3.36292
-2.54191|-3.36336
-2.55534|-3.3638
-2.56878|-3.36424
-2.58221|-3.36469
-2.59564|-3.36513
-2.60907|-3.36557
-2.62251|-3.36601
-2.63594|-3.36645
-2.64937|-3.36689
-2.6628|-3.36734
-2.67624|-3.36778
-2.68967|-3.36822
-2.7031|-3.36866
-2.71653|-3.3691
-2.72997|-3.36954
-2.7434|-3.36998
-2.75683|-3.37043
-2.77026|-3.37087
-2.7837|-3.37131
-2.79713|-3.37175
-2.81056|-3.37219
-2.82399|-3.37263
-2.83743|-3.37308
-2.85086|-3.37352
-2.86429|-3.37396
-2.87772|-3.3744
-2.89116|-3.37484
-2.90459|-3.37528
-2.91802|-3.37572
-2.93145|-3.37617
-2.94489|-3.37661
-2.95832|-3.37705
-2.97175|-3.37749
-2.98518|-3.37793
-2.99862|-3.37837
-3.01205|-3.37882
-3.02548|-3.37926
-3.03891|-3.3797
-3.05235|-3.38014
-3.06578|-3.38058
-3.07921|-3.38102
-3.09264|-3.38146
-3.10608|-3.38191
-3.11951|-3.38235
-3.13294|-3.38279
-3.14638|-3.38323
-3.15981|-3.38367
-3.17324|-3.38411
-3.18667|-3.38455
-3.20011|-3.385
-3.21354|-3.38544
-3.22697|-3.38588
-3.2404|-3.38632
-3.25384|-3.38676
-3.26727|-3.3872
-3.2807|-3.38764
-3.29413|-3.38809
-3.30757|-3.38853
-3.321|-3.38897
-3.33443|-3.38941
-3.34719|-3.38983
-3.35929|-3.39006
-3.37072|-3.38998
-3.38148|-3.38948
-3.39154|-3.38849
-3.40151|-3.38688
-3.41126|-3.38465
-3.42084|-3.38184
-3.43045|-3.37854
-3.43982|-3.37464
-3.44883|-3.37011
-3.45753|-3.36502
-3.4659|-3.35938
-3.4739|-3.35323
-3.48149|-3.34658
-3.48865|-3.33947
-3.49534|-3.33192
-3.50154|-3.32397
-3.5072|-3.31563
-3.51231|-3.30693
-3.51685|-3.29793
-3.5208|-3.28866
-3.52414|-3.27915
-3.52701|-3.26944
-3.5293|-3.25958
-3.53097|-3.24961
-3.53217|-3.23823
-3.53287|-3.22537
-3.53353|-3.21196
-3.53425|-3.19856
-3.53499|-3.18516
-3.53572|-3.17175
-3.53643|-3.15833
-3.53713|-3.14491
-3.53782|-3.1315
-3.53852|-3.11808
-3.53924|-3.10467
-3.53997|-3.09125
-3.54071|-3.07783
-3.54145|-3.06441
-3.5422|-3.051
-3.54294|-3.03758
-3.54367|-3.02416
-3.54441|-3.01074
-3.54514|-2.99732
-3.54588|-2.9839
-3.54662|-2.97048
-3.54737|-2.95706
-3.54811|-2.94364
-3.54885|-2.93023
-3.5496|-2.91681
-3.55034|-2.90339
-3.55108|-2.88997
-3.55182|-2.87655
-3.55256|-2.86313
-3.5533|-2.84971
-3.55405|-2.83629
-3.55479|-2.82287
-3.55553|-2.80945
-3.55627|-2.79603
-3.55702|-2.78261
-3.55776|-2.76919
-3.5585|-2.75577
-3.55924|-2.74236
-3.55999|-2.72894
-3.56073|-2.71552
-3.56147|-2.7021
-3.56221|-2.68868
-3.56296|-2.67526
-3.5637|-2.66184
-3.56444|-2.64842
-3.56518|-2.635
-3.56593|-2.62158
-3.56667|-2.60816
-3.56741|-2.59474
-3.56815|-2.58132
-3.56889|-2.56791
-3.56964|-2.55449
-3.57038|-2.54107
-3.57112|-2.52765
-3.57186|-2.51423
-3.57261|-2.50081
-3.57335|-2.48739
-3.57409|-2.47397
-3.57483|-2.46055
-3.57558|-2.44713
-3.57632|-2.43371
-3.57706|-2.42029
-3.5778|-2.40687
-3.57854|-2.39345
-3.57929|-2.38004
-3.58003|-2.36662
-3.58077|-2.3532
-3.58151|-2.33978
-3.58226|-2.32636
-3.583|-2.31294
-3.58374|-2.29952
-3.58448|-2.2861
-3.58523|-2.27268
-3.58597|-2.25926
-3.58671|-2.24584
-3.58745|-2.23242
-3.58819|-2.219
-3.58894|-2.20558
-3.58968|-2.19217
-3.59042|-2.17875
-3.59116|-2.16533
-3.59187|-2.1526
-3.59237|-2.14051
-3.59254|-2.12908
-3.59226|-2.11764
-3.59157|-2.10623
-3.59046|-2.09488
-3.58893|-2.08373
-3.58706|-2.0725
-3.58449|-2.05996
-3.58167|-2.04683
-3.57887|-2.0337
-3.57606|-2.02057
-3.57323|-2.00744
-3.57051|-1.99499
-3.56809|-1.98317
-3.56611|-1.97197
-3.56465|-1.9613
-3.56379|-1.95124
-3.56358|-1.94179
-3.56407|-1.93236
-3.56523|-1.923
-3.56708|-1.91376
-3.56966|-1.90498
-3.57286|-1.89633
-3.57656|-1.8876
-3.58092|-1.87919
-3.58593|-1.87115
-3.59229|-1.86252
-3.6|-1.85314
-3.60872|-1.84304
-3.61745|-1.83292
-3.62618|-1.82278
-3.63496|-1.81267
-3.64338|-1.80308
-3.65126|-1.79393
-3.65847|-1.78512
-3.66492|-1.77657
-3.67053|-1.76825
-3.67531|-1.76009
-3.6794|-1.75157
-3.6829|-1.74276
-3.68573|-1.73371
-3.68789|-1.72447
-3.68935|-1.71501
-3.69012|-1.7056
-3.69017|-1.69618
-3.68951|-1.68678
-3.68813|-1.67751
-3.68577|-1.66698
-3.68256|-1.65523
-3.67874|-1.64239
-3.67493|-1.62953
-3.67113|-1.61668
-3.66728|-1.60383
-3.66339|-1.59097
-3.65946|-1.57814
-3.65551|-1.5653
-3.65157|-1.55247
-3.64764|-1.53962
-3.64372|-1.52677
-3.6398|-1.51393
-3.63588|-1.50107
-3.63196|-1.48822
-3.62803|-1.47537
-3.62409|-1.46253
-3.62015|-1.44968
-3.61621|-1.43683
-3.61227|-1.42398
-3.60853|-1.41179
-3.60516|-1.40021
-3.6021|-1.38853
-3.59934|-1.37678
-3.59688|-1.36497
-3.59471|-1.35306
-3.59286|-1.34115
-3.59113|-1.32782
-3.58936|-1.31451
-3.58757|-1.3012
-3.58579|-1.28789
-3.58402|-1.27457
-3.58226|-1.26125
-3.58052|-1.24792
-3.57877|-1.2346
-3.57703|-1.22128
-3.57527|-1.20795
-3.57351|-1.19463
-3.57174|-1.18131
-3.56998|-1.16799
-3.56822|-1.15466
-3.56646|-1.14134
-3.5647|-1.12802
-3.56294|-1.11469
-3.56118|-1.10137
-3.55942|-1.08804
-3.55766|-1.07472
-3.5559|-1.0614
-3.55414|-1.04807
-3.55238|-1.03475
-3.55062|-1.02142
-3.54886|-1.0081
-3.54719|-0.995461
-3.54577|-0.983481
-3.54468|-0.971444
-3.5439|-0.959367
-3.5434|-0.947276
-3.5432|-0.935179
-3.54327|-0.923083
-3.54365|-0.911028
-3.54438|-0.897611
-3.54509|-0.884199
-3.5458|-0.870786
-3.54651|-0.857371
-3.54724|-0.843952
-3.54799|-0.830535
-3.54874|-0.81712
-3.54949|-0.803704
-3.55024|-0.790287
-3.55099|-0.776868
-3.55173|-0.763449
-3.55247|-0.750031
-3.55321|-0.736613
-3.55395|-0.723193
-3.55469|-0.709774
-3.55544|-0.696356
-3.55619|-0.682937
-3.55693|-0.669518
-3.55768|-0.656099
-3.55842|-0.64268
-3.55916|-0.629261
-3.55991|-0.615841
-3.56065|-0.602422
-3.5614|-0.589003
-3.56214|-0.575584
-3.56289|-0.562165
-3.56363|-0.548746
-3.56438|-0.535326
-3.56512|-0.521907
-3.56586|-0.508488
-3.56661|-0.495069
-3.56735|-0.48165
-3.5681|-0.468231
-3.56884|-0.454812
-3.56959|-0.441392
-3.57033|-0.427973
-3.57108|-0.414554
-3.57182|-0.401135
-3.57257|-0.387716
-3.57331|-0.374297
-3.57405|-0.360877
-3.5748|-0.347458
-3.57554|-0.334039
-3.57629|-0.32062
-3.57703|-0.307201
-3.57778|-0.293782
-3.57852|-0.280363
-3.57927|-0.266943
-3.58001|-0.253524
-3.58076|-0.240105
-3.5815|-0.226686
-3.58224|-0.213267
-3.58299|-0.199848
-3.58373|-0.186428
-3.58448|-0.173009
-3.58522|-0.15959
-3.58597|-0.146171
-3.58671|-0.132752
-3.58746|-0.119333
-3.5882|-0.105913
-3.58895|-0.0924943
-3.58969|-0.0790752
-3.59043|-0.065656
-3.59118|-0.0522368
-3.59192|-0.0388177
-3.59267|-0.0253985
-3.59341|-0.0119794
-3.59416|0.00143981
-3.5949|0.014859
-3.59565|0.0282781
-3.59639|0.0416973
-3.59713|0.0551165
-3.59788|0.0685356
-3.59862|0.0819548
-3.59937|0.0953739
-3.60011|0.108793
-3.60086|0.122212
-3.6016|0.135631
-3.60234|0.149051
-3.60309|0.16247
-3.60383|0.175889
-3.60458|0.189308
-3.60532|0.202727
-3.60607|0.216146
-3.60681|0.229566
-3.60756|0.242985
-3.6083|0.256404
-3.60904|0.269823
-3.60979|0.283242
-3.61053|0.296661
-3.61128|0.310081
-3.61202|0.3235
-3.61277|0.336919
-3.61351|0.350338
-3.61425|0.363757
-3.615|0.377176
-3.61574|0.390596
-3.61649|0.404015
-3.61723|0.417434
-3.61798|0.430853
-3.61872|0.444272
-3.61946|0.457691
-3.62021|0.471111
-3.62095|0.48453
-3.6217|0.497949
-3.62244|0.511368
-3.62319|0.524787
-3.62393|0.538206
-3.62467|0.551626
-3.62542|0.565045
-3.62616|0.578464
-3.62691|0.591883
-3.62765|0.605302
-3.6284|0.618721
-3.62914|0.632141
-3.62988|0.64556
-3.63063|0.658979
-3.63137|0.672398
-3.63212|0.685817
-3.63286|0.699236
-3.63361|0.712656
-3.63435|0.726075
-3.63509|0.739494
-3.63584|0.752913
-3.63658|0.766332
-3.63733|0.779752
-3.63807|0.793171
-3.63881|0.80659
-3.63956|0.820009
-3.6403|0.833428
-3.64105|0.846847
-3.64179|0.860267
-3.64254|0.873686
-3.64328|0.887105
-3.64402|0.900524
-3.64477|0.913943
-3.64551|0.927362
-3.64626|0.940782
-3.647|0.954201
-3.64775|0.96762
-3.64849|0.981039
-3.64923|0.994458
-3.64998|1.00788
-3.65072|1.0213
-3.65147|1.03472
-3.65221|1.04814
-3.65295|1.06155
-3.6537|1.07497
-3.65444|1.08839
-3.65519|1.10181
-3.65593|1.11523
-3.65667|1.12865
-3.65742|1.14207
-3.65816|1.15549
-3.65891|1.16891
-3.65965|1.18233
-3.66039|1.19575
-3.66114|1.20917
-3.66188|1.22258
-3.66263|1.236
-3.66337|1.24942
-3.66412|1.26284
-3.66486|1.27626
-3.6656|1.28968
-3.66635|1.3031
-3.66709|1.31652
-3.66784|1.32994
-3.66858|1.34336
-3.66932|1.35678
-3.67007|1.3702
-3.67081|1.38361
-3.67156|1.39703
-3.6723|1.41045
-3.67304|1.42387
-3.67379|1.43729
-3.67453|1.45071
-3.67528|1.46413
-3.67602|1.47755
-3.67676|1.49097
-3.67751|1.50439
-3.67825|1.51781
-3.679|1.53123
-3.67974|1.54464
-3.68048|1.55806
-3.68123|1.57148
-3.68197|1.5849
-3.68272|1.59832
-3.68346|1.61174
-3.6842|1.62516
-3.68495|1.63858
-3.68569|1.652
-3.68644|1.66542
-3.68718|1.67884
-3.68792|1.69226
-3.68867|1.70568
-3.68941|1.71909
-3.69015|1.73251
-3.6909|1.74593
-3.69164|1.75935
-3.69239|1.77277
-3.69313|1.78619
-3.69387|1.79961
-3.69462|1.81303
-3.69536|1.82645
-3.69611|1.83987
-3.69685|1.85329
-3.69759|1.86671
-3.69834|1.88012
-3.69908|1.89354
-3.69983|1.90696
-3.70057|1.92038
-3.70131|1.9338
-3.70206|1.94722
-3.7028|1.96064
-3.70354|1.97406
-3.70429|1.98748
-3.70503|2.0009
-3.70578|2.01432
-3.70652|2.02774
-3.70726|2.04115
-3.70801|2.05457
-3.70875|2.06799
-3.7095|2.08141
-3.71024|2.09483
-3.71098|2.10825
-3.71173|2.12167
-3.71247|2.13509
-3.71321|2.14851
-3.71396|2.16193
-3.7147|2.17535
-3.71545|2.18877
-3.71619|2.20219
-3.71693|2.2156
-3.71768|2.22902
-3.71842|2.24244
-3.71916|2.25586
-3.71991|2.26928
-3.72065|2.2827
-3.7214|2.29612
-3.72214|2.30954
-3.72288|2.32296
-3.72363|2.33638
-3.72437|2.3498
-3.72511|2.36322
-3.72586|2.37663
-3.7266|2.39005
-3.72735|2.40347
-3.72809|2.41689
-3.72883|2.43031
-3.72958|2.44373
-3.73032|2.45715
-3.73106|2.47057
-3.73181|2.48399
-3.73255|2.49741
-3.7333|2.51083
-3.73404|2.52425
-3.73478|2.53767
-3.73553|2.55108
-3.73627|2.5645
-3.73701|2.57792
-3.73776|2.59134
-3.7385|2.60476
-3.73924|2.61818
-3.73999|2.6316
-3.74073|2.64502
-3.74148|2.65844
-3.74222|2.67186
-3.74296|2.68528
-3.74371|2.6987
-3.74445|2.71211
-3.74519|2.72553
-3.74594|2.73895
-3.74668|2.75237
-3.74742|2.76579
-3.74817|2.77921
-3.74891|2.79263
-3.74966|2.80605
-3.7504|2.81947
-3.75114|2.83289
-3.75189|2.84631
-3.75263|2.85973
-3.75337|2.87315
-3.75412|2.88656
-3.75486|2.89998
-3.7556|2.9134
-3.75635|2.92682
-3.75709|2.94024
-3.75783|2.95366
-3.75858|2.96708
-3.75932|2.9805
-3.76007|2.99392
-3.76081|3.00734
-3.76155|3.02076
-3.7623|3.03418
-3.76304|3.0476
-3.76378|3.06101
-3.76453|3.07443
-3.76527|3.08785
-3.76601|3.10127
-3.76676|3.11469
-3.7675|3.12811
-3.76824|3.14153
-3.76899|3.15495
-3.76973|3.16837
-3.77047|3.18179
-3.77122|3.19521
-3.77196|3.20863
-3.7727|3.22204
-3.77345|3.23546
-3.77419|3.24888
-3.77494|3.2623
-3.77568|3.27572
-3.77642|3.28914
-3.77717|3.30256
-3.77791|3.31598
-3.77865|3.3294
-3.7794|3.34282
-3.78014|3.35624
-3.78088|3.36966
-3.78163|3.38308
-3.78237|3.39649
-3.78311|3.40991
-3.78386|3.42333
-3.7846|3.43675
-3.78534|3.45017
-3.78609|3.46359
-3.78683|3.47701
-3.78757|3.49043
-3.78832|3.50385
-3.78906|3.51727
-3.7898|3.53069
-3.79055|3.54411
-3.79129|3.55753
-3.79203|3.57094
-3.79278|3.58436
-3.79352|3.59778
-3.79426|3.6112
-3.79501|3.62462
-3.79575|3.63804
-3.79646|3.65077
-3.79696|3.66286
-3.79713|3.67429
-3.79685|3.68572
-3.79616|3.69714
-3.79505|3.70848
-3.79352|3.71964
-3.79165|3.73087
-3.78936|3.742
-3.78664|3.75304
-3.78349|3.76396
-3.7799|3.77478
-3.7759|3.78548
-3.7715|3.79601
-3.7667|3.80637
-3.76152|3.81655
-3.75596|3.82652
-3.75002|3.83627
-3.74372|3.84578
-3.73706|3.85505
-3.73005|3.86405
-3.7227|3.87278
-3.71502|3.88122
-3.70703|3.88936
-3.69872|3.89719
-3.69012|3.90469
-3.68125|3.91188
-3.67213|3.91872
-3.66274|3.92522
-3.65312|3.93135
-3.64326|3.93711
-3.63319|3.94248
-3.62292|3.94746
-3.61245|3.95205
-3.60181|3.95622
-3.59102|3.95997
-3.58009|3.96329
-3.56903|3.96619
-3.55787|3.96864
-3.54663|3.97065
-3.53394|3.97241
-3.52062|3.97413
-3.50732|3.97589
-3.49401|3.97767
-3.48069|3.97945
-3.46737|3.98121
-3.45405|3.98295
-3.44073|3.98469
-3.42741|3.98643
-3.41408|3.98818
-3.40076|3.98994
-3.38744|3.99171
-3.37412|3.99348
-3.3608|3.99525
-3.34748|3.99701
-3.33415|3.99878
-3.32083|4.00054
-3.30751|4.0023
-3.29418|4.00406
-3.28086|4.00583
-3.26754|4.0076
-3.25421|4.00936
-3.24089|4.01113
-3.22757|4.0129
-3.21424|4.01466
-3.20092|4.01643
-3.1876|4.01819
-3.17427|4.01996
-3.16095|4.02173
-3.14763|4.02349
-3.1343|4.02526
-3.12098|4.02702
-3.10766|4.02879
-3.09433|4.03056
-3.08101|4.03232
-3.06769|4.03409
-3.05436|4.03585
-3.04104|4.03762
-3.0284|4.0393
-3.01642|4.04071
-3.00504|4.04175
-2.99428|4.0423
-2.98351|4.04232
-2.97275|4.04182
-2.96204|4.0408
-2.95|4.0391
-2.93676|4.03691
-2.92351|4.03475
-2.91026|4.03261
-2.89701|4.03043
-2.88376|4.02822
-2.8712|4.02608
-2.85929|4.02421
-2.84795|4.02274
-2.83723|4.02177
-2.82713|4.02138
-2.81769|4.02161
-2.8083|4.02255
-2.799|4.02416
-2.78997|4.02646
-2.78125|4.02945
-2.77248|4.03296
-2.76396|4.0371
-2.7547|4.04254
-2.74455|4.04925
-2.73359|4.05689
-2.7226|4.06454
-2.7116|4.07219
-2.70062|4.07987
-2.68965|4.08761
-2.67871|4.09538
-2.66777|4.10316
-2.6574|4.11057
-2.64749|4.11745
-2.63795|4.12368
-2.62875|4.12917
-2.61983|4.13382
-2.61119|4.13769
-2.60228|4.14091
-2.59316|4.14346
-2.58377|4.14534
-2.57428|4.14655
-2.56486|4.14704
-2.55405|4.14679
-2.54205|4.1459
-2.52869|4.14469
-2.51531|4.14349
-2.50195|4.14229
-2.48858|4.14105
-2.47521|4.13976
-2.46184|4.13845
-2.44848|4.13713
-2.43511|4.13581
-2.42174|4.13451
-2.40836|4.13321
-2.39499|4.13191
-2.38162|4.13062
-2.36824|4.12932
-2.35487|4.12801
-2.34149|4.12669
-2.32812|4.12538
-2.31475|4.12407
-2.30137|4.12275
-2.28799|4.12144
-2.27462|4.12013
-2.26124|4.11882
-2.24856|4.11758
-2.2365|4.11657
-2.22442|4.11587
-2.21232|4.11548
-2.20022|4.11538
-2.18813|4.11556
-2.17606|4.11604
-2.16265|4.11688
-2.14925|4.1177
-2.13584|4.11851
-2.12243|4.11933
-2.10902|4.12017
-2.09561|4.12102
-2.0822|4.12189
-2.06879|4.12275
-2.05538|4.12361
-2.04197|4.12446
-2.02856|4.12531
-2.01515|4.12616
-2.00174|4.12701
-1.98832|4.12786
-1.97491|4.12871
-1.9615|4.12957
-1.94809|4.13042
-1.93467|4.13128
-1.92126|4.13213
-1.90785|4.13298
-1.89444|4.13384
-1.88102|4.13469
-1.86761|4.13554
-1.8542|4.13639
-1.84078|4.13725
-1.82737|4.1381
-1.81396|4.13896
-1.80055|4.13981
-1.78713|4.14066
-1.77372|4.14152
-1.76031|4.14237
-1.7469|4.14322
-1.73348|4.14407
-1.72007|4.14493
-1.70666|4.14578
-1.69325|4.14663
-1.67983|4.14749
-1.66642|4.14834
-1.65301|4.14919
-1.64028|4.15
-1.62757|4.15099
-1.61487|4.15215
-1.60218|4.15347
-1.58952|4.15494
-1.57687|4.15657
-1.56425|4.15835
-1.55165|4.1603
-1.5384|4.16251
-1.52514|4.16471
-1.51189|4.16691
-1.49863|4.16912
-1.48538|4.17132
-1.47212|4.17354
-1.45887|4.17576
-1.44561|4.17798
-1.43236|4.1802
-1.4191|4.18241
-1.40653|4.18451
-1.39466|4.18667
-1.38285|4.18914
-1.3711|4.19194
-1.35944|4.19502
-1.34785|4.19839
-1.33636|4.20204
-1.32556|4.20577
-1.31544|4.20937
-1.30596|4.21274
-1.29642|4.21597
-1.28684|4.21908
-1.27723|4.22208
-1.26759|4.22497
-1.25792|4.22775
-1.24822|4.2304
-1.23848|4.23294
-1.22872|4.23536
-1.21892|4.23765
-1.2091|4.23982
-1.19924|4.24185
-1.18936|4.24376
-1.17946|4.24554
-1.16953|4.24719
-1.15959|4.24872
-1.14962|4.25012
-1.13964|4.25139
-1.12964|4.25253
-1.11964|4.25355
-1.10961|4.25444
-1.09958|4.2552
-1.08954|4.25584
-1.07675|4.25648
-1.06332|4.25701
-1.04989|4.25754
-1.03647|4.25809
-1.02304|4.25864
-1.00961|4.25918
-0.996184|4.25971
-0.982756|4.26024
-0.969328|4.26077
-0.955899|4.2613
-0.94247|4.26183
-0.929041|4.26236
-0.915613|4.2629
-0.902184|4.26344
-0.888755|4.26397
-0.875326|4.26451
-0.861896|4.26504
-0.848467|4.26557
-0.835038|4.26611
-0.821609|4.26664
-0.80818|4.26718
-0.794751|4.26771
-0.781321|4.26825
-0.767892|4.26878
-0.754463|4.26931
-0.741034|4.26985
-0.727605|4.27038
-0.714176|4.27092
-0.700746|4.27145
-0.687317|4.27199
-0.673888|4.27252
-0.660459|4.27306
-0.64703|4.27359
-0.634272|4.2741
-0.622178|4.27442
-0.610077|4.27441
-0.597979|4.27411
-0.585916|4.2735
-0.574|4.27261
-0.560623|4.27136
-0.547249|4.27013
-0.533875|4.26892
-0.520498|4.2677
-0.507118|4.26646
-0.493739|4.2652
-0.481052|4.26399
-0.468996|4.26301
-0.457582|4.26239
-0.446816|4.26223
-0.436715|4.26259
-0.426656|4.26359
-0.416682|4.26519
-0.406943|4.26741
-0.39743|4.27023
-0.387819|4.27351
-0.378514|4.27743
-0.369502|4.28195
-0.36079|4.28704
-0.351303|4.29337
-0.340879|4.30085
-0.330064|4.30875
-0.319232|4.31665
-0.308941|4.32416
-0.299102|4.33121
-0.289678|4.33762
-0.280602|4.34331
-0.271769|4.34825
-0.263232|4.3523
-0.254399|4.3557
-0.245332|4.35843
-0.236058|4.36047
-0.226588|4.36182
-0.217055|4.36248
-0.207629|4.36241
-0.198245|4.36164
-0.189069|4.36014
-0.178602|4.35769
-0.166892|4.35434
-0.154105|4.35035
-0.141297|4.34638
-0.128498|4.3424
-0.115696|4.33839
-0.102897|4.33433
-0.0901098|4.33023
-0.0773281|4.32613
-0.0645441|4.32202
-0.0517532|4.31792
-0.0389572|4.31383
-0.0268121|4.30995
-0.0152687|4.30643
-0.00362995|4.30322
0.00808693|4.30031
0.0199005|4.29769
0.0317763|4.29538
0.0436653|4.29338
0.0555987|4.29167
0.0675719|4.29026
0.0796182|4.28913
0.0916893|4.28831
0.103777|4.28779
0.115874|4.28757
0.127972|4.28765
0.140048|4.28803
0.152018|4.28871
0.163893|4.28967
0.175901|4.29088
0.187866|4.29237
0.19979|4.29418
0.213019|4.29653
0.22625|4.29884
0.239481|4.30115
0.252714|4.30345
0.265948|4.30577
0.279182|4.30811
0.292412|4.31045
0.305641|4.3128
0.318872|4.31515
0.332106|4.3175
0.34534|4.31983
0.358573|4.32217
0.371808|4.32451
0.385042|4.32684
0.398276|4.32918
0.41151|4.33153
0.424744|4.33387
0.437977|4.33621
0.451211|4.33856
0.464446|4.3409
0.47768|4.34324
0.490914|4.34558
0.504149|4.34792
0.517383|4.35026
0.530617|4.3526
0.543851|4.35494
0.556405|4.35717
0.568993|4.35921
0.581608|4.36109
0.594245|4.36281
0.6069|4.36438
0.619571|4.36578
0.632258|4.36703
0.644959|4.36812
0.658362|4.3691
0.671762|4.37009
0.685161|4.37109
0.698561|4.37208
0.711964|4.37307
0.725367|4.37405
0.73877|4.37502
0.752173|4.376
0.765577|4.37698
0.778981|4.37796
0.792384|4.37894
0.805787|4.37993
0.819191|4.38091
0.832595|4.38189
0.845999|4.38288
0.859402|4.38386
0.872806|4.38484
0.88621|4.38582
0.899614|4.3868
0.912329|4.38774
0.924406|4.38845
0.935832|4.38883
0.946601|4.38876
0.956691|4.38818
0.966726|4.38698
0.976662|4.38517
0.986292|4.38273
0.995916|4.37977
1.00545|4.37626
1.01464|4.37212
1.02354|4.36739
1.03214|4.36211
1.04038|4.35629
1.04825|4.34997
1.0557|4.34316
1.0637|4.33499
1.07231|4.32551
1.0812|4.31554
1.09004|4.30548
1.09891|4.29543
1.10778|4.28537
1.11664|4.2753
1.12551|4.26521
1.13437|4.25512
1.14323|4.24504
1.1521|4.23497
1.161|4.2249
1.1699|4.21485
1.17881|4.20479
1.18772|4.19473
1.19663|4.18467
1.20508|4.17513
1.21319|4.1662
1.22108|4.158
1.2293|4.1501
1.23784|4.14254
1.24667|4.13531
1.25577|4.12837
1.26512|4.12178
1.27469|4.11557
1.28449|4.10973
1.29387|4.10458
1.3029|4.10023
1.31155|4.09673
1.32047|4.0939
1.32967|4.0917
1.33912|4.09018
1.34864|4.08935
1.35819|4.08922
1.36897|4.08991
1.3811|4.09126
1.39439|4.09306
1.4077|4.09484
1.42099|4.09663
1.43429|4.09847
1.44759|4.10035
1.46089|4.10225
1.47418|4.10417
1.48747|4.10608
1.50077|4.10798
1.51407|4.10987
1.52738|4.11176
1.54068|4.11365
1.5533|4.11545
1.56527|4.117
1.57664|4.11815
1.58739|4.11883
1.59816|4.11897
1.60892|4.11859
1.61964|4.11769
1.63018|4.11626
1.64051|4.11431
1.65232|4.11165
1.66534|4.1084
1.67837|4.10517
1.6914|4.10194
1.70443|4.09869
1.71745|4.09541
1.73048|4.09211
1.74349|4.08879
1.75651|4.08548
1.76953|4.08217
1.78256|4.07887
1.79558|4.07558
1.80861|4.07228
1.82164|4.06899
1.83467|4.06568
1.84769|4.06238
1.86072|4.05907
1.87374|4.05576
1.88677|4.05245
1.89979|4.04915
1.91282|4.04584
1.92585|4.04254
1.93887|4.03923
1.9519|4.03592
1.96493|4.03262
1.97795|4.02931
1.99098|4.026
2.00401|4.0227
2.01703|4.01939
2.03006|4.01608
2.04309|4.01278
2.05611|4.00947
2.06914|4.00616
2.08217|4.00286
2.09519|3.99955
2.10822|3.99625
2.12125|3.99294
2.13427|3.98963
2.1473|3.98633
2.16033|3.98302
2.17335|3.97971
2.18638|3.97641
2.19941|3.9731
2.21243|3.96979
2.22546|3.96649
2.23849|3.96318
2.25151|3.95987
2.26454|3.95657
2.27757|3.95326
2.29059|3.94995
2.30362|3.94665
2.31665|3.94334
2.32967|3.94004
2.3427|3.93673
2.35573|3.93342
2.36875|3.93012
2.38178|3.92681
2.39481|3.9235
2.40783|3.9202
2.42086|3.91689
2.43389|3.91358
2.44691|3.91028
2.45994|3.90697
2.47297|3.90366
2.486|3.90036
2.49902|3.89705
2.51205|3.89375
2.52508|3.89044
2.5381|3.88713
2.55113|3.88383
2.56416|3.88052
2.57718|3.87721
2.59021|3.87391
2.60324|3.8706
2.61626|3.86729
2.62929|3.86399
2.64232|3.86068
2.65534|3.85737
2.66837|3.85407
2.6814|3.85076
2.69442|3.84746
2.70745|3.84415
2.72048|3.84084
2.7335|3.83754
2.74653|3.83423
2.75956|3.83092
2.77258|3.82762
2.78561|3.82431
2.79864|3.821
2.81166|3.8177
2.82469|3.81439
2.83772|3.81109
2.85074|3.80778
2.86377|3.80447
2.8768|3.80117
2.88982|3.79786
2.90285|3.79455
2.91588|3.79125
2.9289|3.78794
2.94193|3.78464
2.95496|3.78133
2.96798|3.77802
2.98101|3.77472
2.99404|3.77141
3.00706|3.7681
3.02009|3.7648
3.03312|3.76149
3.04614|3.75818
3.05917|3.75488
3.0722|3.75157
3.08522|3.74827
3.09825|3.74496
3.11128|3.74165
3.1243|3.73835
3.13733|3.73504
3.15036|3.73173
3.16338|3.72843
3.17641|3.72512
3.18944|3.72182
3.20246|3.71851
3.21549|3.7152
3.22852|3.7119
3.24154|3.70859
3.25457|3.70528
3.2676|3.70198
3.28063|3.69867
3.29365|3.69537
3.30668|3.69206
3.31971|3.68875
3.33273|3.68545
3.34576|3.68214
3.35879|3.67883
3.37181|3.67553
3.38484|3.67222
3.39787|3.66892
3.41089|3.66561
3.42392|3.6623
3.43695|3.659
3.44997|3.65569
3.463|3.65239
3.47603|3.64908
3.48905|3.64577
3.50208|3.64247
3.51511|3.63916
3.52813|3.63585
3.54116|3.63255
3.55419|3.62924
3.56721|3.62594
3.58024|3.62263
3.59327|3.61932
3.60629|3.61602
3.61932|3.61271
3.63235|3.60941
3.64537|3.6061
3.6584|3.60279
3.67143|3.59949
3.68445|3.59618
3.69748|3.59287
3.71051|3.58957
3.72353|3.58626
3.73656|3.58296
3.74959|3.57965
3.76262|3.57634
3.77564|3.57304
3.78867|3.56973
3.8017|3.56643
3.81472|3.56312
3.82775|3.55981
3.84078|3.55651
3.85313|3.55337
3.86478|3.55024
3.87569|3.54699
3.88581|3.54351
3.8951|3.53974
3.90424|3.53536
3.91314|3.53045
3.9217|3.525
3.92989|3.51905
3.9376|3.51255
3.94488|3.50557
3.9517|3.49814
3.95804|3.4903
3.96385|3.48205
3.96912|3.47344
3.97382|3.46452
3.97793|3.45531
3.98143|3.44586
3.98443|3.43618
3.98685|3.42636
3.98867|3.41641
3.98987|3.40637
3.99046|3.39629
3.99042|3.3862
3.98966|3.37482
3.98839|3.36203
3.98695|3.34869
3.98553|3.33535
3.98409|3.322
3.98261|3.30865
3.9811|3.29531
3.97957|3.28196
3.97804|3.26862
3.9765|3.25527
3.97498|3.24192
3.97347|3.22857
3.97196|3.21522
3.97045|3.20187
3.96893|3.18851
3.96741|3.17516
3.96588|3.16181
3.96436|3.14846
3.96283|3.13511
3.96138|3.12244
3.96017|3.1104
3.95929|3.09836
3.95871|3.08627
3.95843|3.07417
3.95843|3.06207
3.95871|3.04998
3.9593|3.03799
3.96025|3.02458
3.96118|3.01119
3.9621|2.99779
3.96304|2.98438
3.96398|2.97098
3.96495|2.95758
3.96592|2.94417
3.96689|2.93077
3.96786|2.91737
3.96882|2.90396
3.96978|2.89056
3.97074|2.87716
3.97169|2.86375
3.97266|2.85035
3.97362|2.83694
3.97458|2.82354
3.97555|2.81013
3.97651|2.79673
3.97748|2.78332
3.97844|2.76992
3.9794|2.75651
3.98036|2.74311
3.98133|2.7297
3.98229|2.71629
3.98325|2.70289
3.98422|2.68948
3.98518|2.67608
3.98614|2.66267
3.98711|2.64927
3.98807|2.63586
3.98903|2.62246
3.99|2.60905
3.99096|2.59565
3.99192|2.58224
3.99288|2.56884
3.99385|2.55543
3.99481|2.54203
3.99577|2.52862
3.99674|2.51522
3.9977|2.50181
3.99866|2.48841
3.99963|2.475
4.00059|2.4616
4.00155|2.44819
4.00252|2.43478
4.00348|2.42138
4.00444|2.40797
4.0054|2.39457
4.00637|2.38116
4.00733|2.36776
4.00829|2.35435
4.00926|2.34095
4.01022|2.32754
4.01118|2.31414
4.01215|2.30073
4.01311|2.28733
4.01407|2.27392
4.01503|2.26052
4.016|2.24711
4.01696|2.23371
4.01792|2.2203
4.01884|2.20758
4.01957|2.19485
4.02014|2.1821
4.02055|2.16933
4.02081|2.15657
4.02092|2.1438
4.02088|2.13107
4.02069|2.11843
4.02036|2.1058
4.01989|2.09237
4.01943|2.07894
4.01898|2.06552
4.01852|2.05209
4.01805|2.03865
4.01758|2.02522
4.0171|2.01179
4.01663|1.99836
4.01616|1.98493
4.01569|1.9715
4.01522|1.95807
4.01475|1.94464
4.01428|1.9312
4.01381|1.91777
4.01334|1.90434
4.01287|1.89091
4.0124|1.87748
4.01192|1.86405
4.01145|1.85062
4.01098|1.83718
4.01051|1.82375
4.01004|1.81032
4.00957|1.79689
4.0091|1.78346
4.00863|1.77003
4.00816|1.75659
4.00769|1.74316
4.00722|1.72973
4.00675|1.7163
4.00628|1.70287
4.00581|1.68944
4.00534|1.67601
4.00487|1.66257
4.0044|1.64914
4.00393|1.63571
4.00345|1.62228
4.00298|1.60885
4.00251|1.59542
4.00204|1.58198
4.00157|1.56855
4.0011|1.55512
4.00063|1.54169
4.00016|1.52826
3.99969|1.51483
3.99922|1.50139
3.99875|1.48796
3.99828|1.47453
3.99781|1.4611
3.99734|1.44767
3.99687|1.43424
3.9964|1.42081
3.99593|1.40737
3.99546|1.39394
3.99499|1.38051
3.99452|1.36708
3.99404|1.35365
3.99357|1.34022
3.9931|1.32678
3.99263|1.31335
3.99216|1.29992
3.99169|1.28649
3.99122|1.27306
3.99075|1.25963
3.99028|1.2462
3.98981|1.23276
3.98934|1.21933
3.98887|1.2059
3.9884|1.19247
3.98793|1.17904
3.98746|1.16561
3.98699|1.15217
3.98652|1.13874
3.98605|1.12531
3.98558|1.11188
3.98511|1.09845
3.98464|1.08502
3.98417|1.07158
3.9837|1.05815
3.98322|1.04472
3.98275|1.03129
3.98228|1.01786
3.98181|1.00443
3.98134|0.990996
3.98087|0.977564
3.9804|0.964132
3.97993|0.950701
3.97946|0.937269
3.97899|0.923838
3.97852|0.910406
3.97805|0.896975
3.97758|0.883543
3.97711|0.870112
3.97664|0.85668
3.97617|0.843248
3.9757|0.829817
3.97523|0.816385
3.97476|0.802954
3.97429|0.789522
3.97382|0.776091
3.97335|0.762659
3.97288|0.749227
3.97241|0.735796
3.97194|0.722364
3.97147|0.708933
3.971|0.695501
3.97053|0.68207
3.97006|0.668638
3.96959|0.655206
3.96912|0.641775
3.96865|0.628343
3.96817|0.614912
3.9677|0.60148
3.96723|0.588049
3.96676|0.574617
3.96629|0.561185
3.96582|0.547754
3.96535|0.534322
3.96488|0.520891
3.96441|0.507459
3.96394|0.494028
3.96347|0.480596
3.963|0.467164
3.96253|0.453733
3.96206|0.440301
3.96159|0.42687
3.96112|0.413438
3.96065|0.400007
3.96018|0.386575
3.95971|0.373143
3.95924|0.359712
3.95877|0.34628
3.9583|0.332849
3.95783|0.319417
3.95736|0.305986
3.95689|0.292554
3.95642|0.279122
3.95595|0.265691
3.95548|0.252259
3.95501|0.238828
3.95454|0.225396
3.95407|0.211965
3.9536|0.198533
3.95313|0.185101
3.95266|0.17167
3.95219|0.158238
3.95172|0.144807
3.95125|0.131375
3.95078|0.117944
3.95031|0.104512
3.94984|0.0910805
3.94937|0.0776489
3.9489|0.0642173
3.94843|0.0507857
3.94796|0.0373542
3.94749|0.0239226
3.94702|0.010491
3.94655|-0.00294056
3.94608|-0.0163721
3.94561|-0.0298037
3.94514|-0.0432353
3.94467|-0.0566669
3.9442|-0.0700984
3.94373|-0.08353
3.94326|-0.0969616
3.94279|-0.110393
3.94232|-0.123825
3.94185|-0.137256
3.94138|-0.150688
3.94091|-0.164119
3.94044|-0.177551
3.93997|-0.190983
3.9395|-0.204414
3.93903|-0.217846
3.93856|-0.231277
3.93809|-0.244709
3.93762|-0.258141
3.93715|-0.271572
3.93668|-0.285004
3.93621|-0.298435
3.93574|-0.311867
3.93527|-0.325298
3.9348|-0.33873
3.93433|-0.352162
3.93386|-0.365593
3.93339|-0.379025
3.93292|-0.392456
3.93245|-0.405888
3.93198|-0.419319
3.93151|-0.432751
3.93104|-0.446183
3.93057|-0.459614
3.9301|-0.473046
3.92963|-0.486477
3.92916|-0.499909
3.92869|-0.513341
3.92822|-0.526772
3.92775|-0.540204
3.92728|-0.553635
3.92681|-0.567067
3.92634|-0.580498
3.92587|-0.59393
3.9254|-0.607362
3.92493|-0.620793
3.92446|-0.634225
3.92399|-0.647656
3.92352|-0.661088
3.92305|-0.674519
3.92258|-0.687951
3.92211|-0.701383
3.92164|-0.714814
3.92117|-0.728246
3.9207|-0.741677
3.92023|-0.755109
3.91976|-0.768541
3.91929|-0.781972
3.91882|-0.795404
3.91835|-0.808835
3.91788|-0.822267
3.91741|-0.835698
3.91694|-0.84913
3.91647|-0.862562
3.916|-0.875993
3.91553|-0.889425
3.91506|-0.902856
3.91459|-0.916288
3.91412|-0.92972
3.91365|-0.943151
3.91318|-0.956583
3.91271|-0.970014
3.91224|-0.983446
3.91177|-0.996878
3.91131|-1.01031
3.91084|-1.02374
3.91037|-1.03717
3.9099|-1.0506
3.90943|-1.06404
3.90896|-1.07747
3.90849|-1.0909
3.90802|-1.10433
3.90755|-1.11776
3.90708|-1.13119
3.90661|-1.14462
3.90614|-1.15806
3.90567|-1.17149
3.9052|-1.18492
3.90473|-1.19835
3.90426|-1.21178
3.90379|-1.22521
3.90332|-1.23865
3.90285|-1.25208
3.90238|-1.26551
3.90191|-1.27894
3.90144|-1.29237
3.90097|-1.3058
3.9005|-1.31924
3.90003|-1.33267
3.89956|-1.3461
3.89909|-1.35953
3.89862|-1.37296
3.89815|-1.38639
3.89768|-1.39983
3.89721|-1.41326
3.89674|-1.42669
3.89628|-1.44012
3.89581|-1.45355
3.89534|-1.46698
3.89487|-1.48041
3.8944|-1.49385
3.89393|-1.50728
3.89346|-1.52071
3.89299|-1.53414
3.89252|-1.54757
3.89205|-1.561
3.89158|-1.57444
3.89111|-1.58787
3.89064|-1.6013
3.89017|-1.61473
3.8897|-1.62816
3.88923|-1.64159
3.88876|-1.65503
3.88829|-1.66846
3.88782|-1.68189
3.88735|-1.69532
3.88688|-1.70875
3.88641|-1.72218
3.88594|-1.73561
3.88548|-1.74905
3.88501|-1.76248
3.88454|-1.77591
3.88407|-1.78934
3.8836|-1.80277
3.88313|-1.8162
3.88266|-1.82964
3.88219|-1.84307
3.88172|-1.8565
3.88125|-1.86993
3.88078|-1.88336
3.88031|-1.89679
3.87984|-1.91023
3.87937|-1.92366
3.8789|-1.93709
3.87843|-1.95052
3.87796|-1.96395
3.87749|-1.97738
3.87702|-1.99082
3.87655|-2.00425
3.87609|-2.01768
3.87562|-2.03111
3.87515|-2.04454
3.87468|-2.05797
3.87421|-2.0714
3.87374|-2.08484
3.87327|-2.09827
3.8728|-2.1117
3.87233|-2.12513
3.87186|-2.13856
3.87139|-2.15199
3.87092|-2.16543
3.87045|-2.17886
3.86998|-2.19229
3.86951|-2.20572
3.86904|-2.21915
3.86857|-2.23258
3.86811|-2.24602
3.86764|-2.25945
3.86717|-2.27288
3.8667|-2.28631
3.86623|-2.29974
3.86576|-2.31317
3.86529|-2.32661
3.86482|-2.34004
3.86435|-2.35347
3.86388|-2.3669
3.86341|-2.38033
3.86294|-2.39376
3.86247|-2.40719
3.862|-2.42063
3.86153|-2.43406
3.86107|-2.44749
3.8606|-2.46092
3.86013|-2.47435
3.85966|-2.48778
3.85919|-2.50122
3.85872|-2.51465
3.85825|-2.52808
3.85778|-2.54151
3.85731|-2.55494
3.85684|-2.56837
3.85637|-2.58181
3.8559|-2.59524
3.85543|-2.60867
3.85496|-2.6221
3.8545|-2.63553
3.85403|-2.64896
3.85356|-2.6624
3.85309|-2.67583
3.85262|-2.68926
3.85215|-2.70269
3.85168|-2.71612
3.85121|-2.72955
3.85074|-2.74298
3.85027|-2.75642
3.8498|-2.76985
3.84933|-2.78328
3.84886|-2.79671
3.8484|-2.81014
3.84793|-2.82357
3.84746|-2.83701
3.84699|-2.85044
3.84652|-2.86387
3.84605|-2.8773
3.84558|-2.89073
3.84511|-2.90416
3.84464|-2.9176
3.84417|-2.93103
3.8437|-2.94446
3.84323|-2.95789
3.84277|-2.97132
3.8423|-2.98475
3.84183|-2.99819
3.84136|-3.01162
3.84089|-3.02505
3.84042|-3.03848
3.83995|-3.05191
3.83948|-3.06534
3.83901|-3.07878
3.83854|-3.09221
3.83807|-3.10564
3.83761|-3.11907
3.83714|-3.1325
3.83667|-3.14593
3.8362|-3.15936
3.83573|-3.1728
3.83526|-3.18623
3.83479|-3.19966
3.83432|-3.21309
3.83385|-3.22652
3.83338|-3.23995
3.83291|-3.25339
3.83245|-3.26682
3.83198|-3.28025
3.83151|-3.29368
3.83104|-3.30711
3.83057|-3.32054
3.8301|-3.33398
3.82963|-3.34741
3.82916|-3.36084
3.82869|-3.37427
3.82822|-3.3877
3.82775|-3.40113
3.82729|-3.41457
3.82682|-3.428
3.82635|-3.44143
3.82588|-3.45486
3.82541|-3.46829
3.82494|-3.48172
3.82447|-3.49515
3.82403|-3.50792
3.82344|-3.52
3.82258|-3.5314
3.82127|-3.54276
3.81954|-3.55405
3.81742|-3.56523
3.81489|-3.57635
3.81194|-3.58738
3.80858|-3.5983
3.80482|-3.60909
3.80065|-3.61972
3.79608|-3.63017
3.79112|-3.64044
3.78576|-3.65051
3.78003|-3.66037
3.77392|-3.67001
3.76745|-3.67941
3.76063|-3.68856
3.75347|-3.69744
3.74597|-3.70604
3.73814|-3.71435
3.73001|-3.72235
3.72158|-3.73004
3.71286|-3.73741
3.70388|-3.74445
3.69464|-3.75115
3.68515|-3.75748
3.67543|-3.76345
3.66547|-3.76904
3.65531|-3.77424
3.64495|-3.77905
3.63441|-3.78345
3.6237|-3.78744
3.61284|-3.79101
3.60185|-3.79414
3.59075|-3.79684
3.57955|-3.7991
3.5683|-3.80095
3.55696|-3.80241
3.54557|-3.80345
3.53416|-3.80407
3.5214|-3.80429
3.50796|-3.80433
3.49454|-3.80441
3.48111|-3.8045
3.46767|-3.80459
3.45423|-3.80466
3.4408|-3.80472
3.42736|-3.80477
3.41393|-3.80483
3.40049|-3.80489
3.38705|-3.80497
3.37361|-3.80504
3.36017|-3.80513
3.34673|-3.80521
3.3333|-3.80528
3.31986|-3.80536
3.30642|-3.80543
3.29298|-3.80551
3.27954|-3.80558
3.2661|-3.80566
3.25266|-3.80574
3.23922|-3.80582
3.22578|-3.80589
3.21234|-3.80597
3.1989|-3.80605
3.18546|-3.80613
3.17202|-3.8062
3.15858|-3.80628
3.14514|-3.80636
3.1317|-3.80644
3.11826|-3.80651
3.10482|-3.80659
3.09138|-3.80667
3.07794|-3.80675
3.06451|-3.80682
3.05107|-3.8069
3.03763|-3.80698
3.02419|-3.80706
3.01075|-3.80713
2.99731|-3.80721
2.98387|-3.80729
2.97043|-3.80737
2.95699|-3.80744
2.94355|-3.80752
2.93011|-3.8076
2.91667|-3.80768
2.90323|-3.80775
2.88979|-3.80783
2.87635|-3.80791
2.86291|-3.80799
2.84947|-3.80806
2.83603|-3.80814
2.82259|-3.80822
2.80915|-3.8083
2.79571|-3.80837
2.78227|-3.80845
2.76883|-3.80853
2.75539|-3.80861
2.74196|-3.80868
2.72852|-3.80876
2.71508|-3.80884
2.70164|-3.80892
2.6882|-3.80899
2.67476|-3.80907
2.66132|-3.80915
2.64788|-3.80923
2.63444|-3.8093
2.621|-3.80938
2.60756|-3.80946
2.59412|-3.80954
2.58068|-3.80961
2.56724|-3.80969
2.5538|-3.80977
2.54036|-3.80985
2.52692|-3.80992
2.51348|-3.81
2.50004|-3.81008
2.4866|-3.81015
2.47316|-3.81023
2.45972|-3.81031
2.44628|-3.81039
2.43284|-3.81046
2.41941|-3.81054
2.40597|-3.81062
2.39253|-3.8107
2.37909|-3.81077
2.36565|-3.81085
2.35221|-3.81093
2.33877|-3.81101
2.32533|-3.81108
2.31189|-3.81116
2.29845|-3.81124
2.28501|-3.81131
2.27157|-3.81139
2.25813|-3.81147
2.24469|-3.81155
2.23125|-3.81162
2.21781|-3.8117
2.20437|-3.81178
2.19093|-3.81186
2.17749|-3.81193
2.16405|-3.81201
2.15061|-3.81209
2.13717|-3.81216
2.12373|-3.81224
2.11029|-3.81232
2.09686|-3.8124
2.08342|-3.81247
2.06998|-3.81255
2.05654|-3.81263
2.0431|-3.81271
2.02966|-3.81278
2.01622|-3.81286
2.00278|-3.81294
1.98934|-3.81301
1.9759|-3.81309
1.96246|-3.81317
1.94902|-3.81325
1.93558|-3.81332
1.92214|-3.8134
1.9087|-3.81348
1.89526|-3.81355
1.88182|-3.81363
1.86838|-3.81371
1.85494|-3.81379
1.8415|-3.81386
1.82806|-3.81394
1.81462|-3.81402
1.80118|-3.81409
1.78774|-3.81417
1.77431|-3.81425
1.76087|-3.81433
1.74743|-3.8144
1.73399|-3.81448
1.72055|-3.81456
1.70711|-3.81463
1.69367|-3.81471
1.68023|-3.81479
1.66679|-3.81487
1.65335|-3.81494
1.63991|-3.81502
1.62647|-3.8151
1.61303|-3.81517
1.59959|-3.81525
1.58615|-3.81533
1.57271|-3.81541
1.55927|-3.81548
1.54583|-3.81556
1.53239|-3.81564
1.51895|-3.81571
1.50551|-3.81579
1.49207|-3.81587
1.47863|-3.81595
1.46519|-3.81602
1.45176|-3.8161
1.43832|-3.81618
1.42488|-3.81625
1.41144|-3.81633
1.398|-3.81641
1.38456|-3.81648
1.37112|-3.81656
1.35768|-3.81664
1.34424|-3.81672
1.3308|-3.81679
1.31736|-3.81687
1.30392|-3.81695
1.29048|-3.81702
1.27704|-3.8171
1.2636|-3.81718
1.25016|-3.81725
1.23672|-3.81733
1.22328|-3.81741
1.20984|-3.81749
1.1964|-3.81756
1.18296|-3.81764
1.16952|-3.81772
1.15608|-3.81779
1.14264|-3.81787
1.12921|-3.81795
1.11577|-3.81802
1.10233|-3.8181
1.08889|-3.81818
1.07545|-3.81825
1.06201|-3.81833
1.04857|-3.81841
1.03513|-3.81849
1.02169|-3.81856
1.00825|-3.81864
0.994809|-3.81872
0.98137|-3.81879
0.96793|-3.81887
0.954491|-3.81895
0.941051|-3.81902
0.927612|-3.8191
0.914172|-3.81918
0.900732|-3.81925
0.887293|-3.81933
0.873853|-3.81941
0.860414|-3.81949
0.846974|-3.81956
0.833534|-3.81964
0.820095|-3.81972
0.806655|-3.81979
0.793216|-3.81987
0.779776|-3.81995
0.766337|-3.82002
0.752897|-3.8201
0.739457|-3.82018
0.726018|-3.82025
0.712578|-3.82033
0.699139|-3.82041
0.685699|-3.82048
0.672259|-3.82056
0.65882|-3.82064
0.64538|-3.82071
0.631941|-3.82079
0.618501|-3.82087
0.605062|-3.82094
0.591622|-3.82102
0.578182|-3.8211
0.564743|-3.82117
0.551303|-3.82125
0.537864|-3.82133
0.524424|-3.82141
0.510984|-3.82148
0.497545|-3.82156
0.484105|-3.82164
0.470666|-3.82171
0.457226|-3.82179
0.443787|-3.82187
0.430347|-3.82194
0.416907|-3.82202
0.403468|-3.8221
0.390028|-3.82217
0.376589|-3.82225
0.363149|-3.82233
0.349709|-3.8224
0.33627|-3.82248
0.32283|-3.82256
0.309391|-3.82263
0.295951|-3.82271
0.282512|-3.82279
0.269072|-3.82286
0.255632|-3.82294
0.242193|-3.82302
0.228753|-3.82309
0.215314|-3.82317
0.201874|-3.82325
0.188434|-3.82332
0.174995|-3.8234
0.161555|-3.82348
0.148116|-3.82355
0.134676|-3.82363
0.121237|-3.82371
0.107797|-3.82378
0.0943574|-3.82386
0.0809178|-3.82394
0.0674782|-3.82401
0.0540386|-3.82409
0.040599|-3.82417
0.0271594|-3.82424
0.0137198|-3.82432
0.000280257|-3.8244
-0.0131593|-3.82447
-0.0265989|-3.82455
-0.0400385|-3.82463
-0.0534781|-3.8247
-0.0669177|-3.82478
-0.0803573|-3.82485
-0.0937968|-3.82493
-0.107236|-3.82501
-0.120676|-3.82508
-0.134116|-3.82516
-0.147555|-3.82524
-0.160995|-3.82531
-0.174434|-3.82539
-0.187874|-3.82547
-0.201314|-3.82554
-0.214753|-3.82562
-0.228193|-3.8257
-0.241632|-3.82577
-0.255072|-3.82585
-0.268511|-3.82593
-0.281951|-3.826
-0.295391|-3.82608
-0.30883|-3.82616
-0.32227|-3.82623
-0.335709|-3.82631
-0.349149|-3.82639
-0.362589|-3.82646
-0.376028|-3.82654
-0.389468|-3.82661
-0.402907|-3.82669
-0.416347|-3.82677
-0.429786|-3.82684
-0.443226|-3.82692
-0.456666|-3.827
-0.470105|-3.82707
-0.483545|-3.82715
-0.496984|-3.82723
-0.510424|-3.8273
-0.523864|-3.82738
-0.537303|-3.82746
-0.550743|-3.82753
-0.564182|-3.82761
-0.577622|-3.82768
-0.591062|-3.82776
-0.604501|-3.82784
-0.617941|-3.82791
-0.63138|-3.82799
-0.64482|-3.82807
-0.658259|-3.82814
-0.671699|-3.82822
-0.685139|-3.8283
-0.698578|-3.82837
-0.712018|-3.82845
-0.725457|-3.82852
-0.738897|-3.8286
-0.752337|-3.82868
-0.765776|-3.82875
-0.779216|-3.82883
-0.792655|-3.82891
-0.806095|-3.82898
-0.819534|-3.82906
-0.832974|-3.82914
-0.846414|-3.82921
-0.859853|-3.82929
-0.873293|-3.82936
-0.886732|-3.82944
-0.900172|-3.82952
-0.913612|-3.82959
-0.927051|-3.82967
-0.940491|-3.82975
-0.95393|-3.82982
-0.96737|-3.8299
-0.98081|-3.82997
-0.994249|-3.83005
-1.00769|-3.83013
-1.02113|-3.8302
-1.03457|-3.83028
-1.04801|-3.83036
-1.06145|-3.83043
-1.07489|-3.83051
-1.08833|-3.83058
-1.10177|-3.83066
-1.11521|-3.83074
-1.12864|-3.83081
-1.14208|-3.83089
-1.15552|-3.83097
-1.16896|-3.83104
-1.1824|-3.83112
-1.19584|-3.83119
-1.20928|-3.83127
-1.22272|-3.83135
-1.23616|-3.83142
-1.2496|-3.8315
-1.26304|-3.83158
-1.27648|-3.83165
-1.28992|-3.83173
-1.30336|-3.8318
-1.3168|-3.83188
-1.33024|-3.83196
-1.34368|-3.83203
-1.35712|-3.83211
-1.37056|-3.83219
-1.384|-3.83226
-1.39744|-3.83234
-1.41088|-3.83241
-1.42432|-3.83249
-1.43776|-3.83257
-1.4512|-3.83264
-1.46463|-3.83272
-1.47807|-3.83279
-1.49151|-3.83287
-1.50495|-3.83295
-1.51839|-3.83302
-1.53183|-3.8331
-1.54527|-3.83317
-1.55871|-3.83325
-1.57215|-3.83333
-1.58559|-3.8334
-1.59903|-3.83348
-1.61247|-3.83356
-1.62591|-3.83363
-1.63935|-3.83371
-1.65279|-3.83378
-1.66623|-3.83386
-1.67967|-3.83394
-1.69311|-3.83401
-1.70655|-3.83409
-1.71999|-3.83416
-1.73343|-3.83424
-1.74687|-3.83432
-1.76031|-3.83439
-1.77375|-3.83447
-1.78718|-3.83454
-1.80062|-3.83462
-1.81406|-3.8347
-1.8275|-3.83477
-1.84094|-3.83485
-1.85438|-3.83492
-1.86782|-3.835
-1.88126|-3.83508
-1.8947|-3.83515
-1.90814|-3.83523
-1.92158|-3.8353
-1.93502|-3.83538
-1.94846|-3.83546
-1.9619|-3.83553
-1.97534|-3.83561
-1.98878|-3.83568
-2.00222|-3.83576
-2.01566|-3.83584
-2.0291|-3.83591
-2.04254|-3.83599
-2.05598|-3.83606
-2.06942|-3.83614
-2.08286|-3.83622
-2.0963|-3.83629
-2.10973|-3.83637
-2.12317|-3.83644
-2.13661|-3.83652
-2.15005|-3.83659
-2.16349|-3.83667
-2.17693|-3.83675
-2.19037|-3.83682
-2.20381|-3.8369
-2.21725|-3.83697
-2.23069|-3.83705
-2.24413|-3.83713
-2.25757|-3.8372
-2.27101|-3.83728
-2.28445|-3.83735
-2.29789|-3.83743
-2.31133|-3.83751
-2.32477|-3.83758
-2.33821|-3.83766
-2.35165|-3.83773
-2.36509|-3.83781
-2.37853|-3.83788
-2.39197|-3.83796
-2.40541|-3.83804
-2.41885|-3.83811
-2.43229|-3.83819
-2.44572|-3.83826
-2.45916|-3.83834
-2.4726|-3.83842
-2.48604|-3.83849
-2.49948|-3.83857
-2.51292|-3.83864
-2.52636|-3.83872
-2.5398|-3.83879
-2.55324|-3.83887
-2.56668|-3.83895
-2.58012|-3.83902
-2.59356|-3.8391
-2.607|-3.83917
-2.62044|-3.83925
-2.63388|-3.83932
-2.64732|-3.8394
-2.66076|-3.83948
-2.6742|-3.83955
-2.68764|-3.83963
-2.70108|-3.8397
-2.71452|-3.83978
-2.72796|-3.83985
-2.7414|-3.83993
-2.75484|-3.84001
-2.76827|-3.84008
-2.78171|-3.84016
-2.79515|-3.84023
-2.80859|-3.84031
-2.82203|-3.84038
-2.83547|-3.84046
-2.84891|-3.84054
-2.86235|-3.84061
-2.87579|-3.84069
-2.88923|-3.84076
-2.90267|-3.84084
-2.91611|-3.84091
-2.92955|-3.84099
-2.94299|-3.84107
-2.95643|-3.84114
-2.96987|-3.84122
-2.98331|-3.84129
-2.99675|-3.84137
-3.01019|-3.84144
-3.02363|-3.84152
-3.03707|-3.8416
-3.05051|-3.84167
-3.06395|-3.84175
-3.07739|-3.84182
-3.09082|-3.8419
-3.10426|-3.84197
-3.1177|-3.84205
-3.13114|-3.84212
-3.14458|-3.8422
-3.15802|-3.84228
-3.17146|-3.84235
-3.1849|-3.84243
-3.19834|-3.8425
-3.21178|-3.84258
-3.22522|-3.84265
-3.23866|-3.84273
-3.2521|-3.84281
-3.26487|-3.84288
-3.27697|-3.84278
-3.28839|-3.84239
-3.29913|-3.84159
-3.3098|-3.84025
-3.32033|-3.83838
-3.33076|-3.83602
-3.34121|-3.83321
-3.35143|-3.82986
-3.36146|-3.826
-3.3713|-3.82164
-3.3809|-3.81679
-3.39024|-3.81145
-3.39929|-3.80566
-3.40804|-3.79941
-3.41648|-3.79273
-3.42458|-3.78563
-3.43231|-3.77813
-3.43964|-3.77025
-3.44657|-3.76201
-3.45306|-3.75342
-3.4591|-3.74451
-3.46467|-3.73531
-3.46976|-3.72583
-3.47436|-3.7161
-3.47844|-3.70615
-3.48199|-3.696
-3.48501|-3.68568
-3.48747|-3.67527
-3.48953|-3.6647
-3.49106|-3.65404
-3.49206|-3.64332
-3.49254|-3.63256
-3.49249|-3.6218
-3.49181|-3.60983
-3.49082|-3.59644
-3.48987|-3.58305
-3.48891|-3.56966
-3.48794|-3.55627
-3.48693|-3.54287
-3.4859|-3.52947
-3.48486|-3.51608
-3.48381|-3.50269
-3.48277|-3.48929
-3.48174|-3.47589
-3.48072|-3.46249
-3.4797|-3.4491
-3.47868|-3.4357
-3.47765|-3.4223
-3.47661|-3.4089
-3.47558|-3.3955
-3.47454|-3.3821
-3.4735|-3.3687
-3.47247|-3.3553
-3.47144|-3.3419
-3.47041|-3.3285
-3.46937|-3.3151
-3.46839|-3.30239
-3.46763|-3.29032
-3.46721|-3.27889
-3.46723|-3.26745
-3.46768|-3.25603
-3.46854|-3.24463
-3.46994|-3.2319
-3.47153|-3.21856
-3.47309|-3.20523
-3.47465|-3.1919
-3.47624|-3.17856
-3.47785|-3.16522
-3.47949|-3.15188
-3.48113|-3.13855
-3.48278|-3.12522
-3.48441|-3.11188
-3.48603|-3.09854
-3.48765|-3.0852
-3.48926|-3.07186
-3.49088|-3.05852
-3.49251|-3.04518
-3.49414|-3.03184
-3.49577|-3.0185
-3.4974|-3.00516
-3.49903|-2.99181
-3.50065|-2.97847
-3.50228|-2.96513
-3.5039|-2.95179
-3.50553|-2.93845
-3.50716|-2.92511
-3.50878|-2.91177
-3.51041|-2.89843
-3.51204|-2.88509
-3.51367|-2.87175
-3.51529|-2.85841
-3.51684|-2.84575
-3.51813|-2.83376
-3.5191|-2.82171
-3.51976|-2.80962
-3.52013|-2.79753
-3.52022|-2.78543
-3.52002|-2.77334
-3.51953|-2.76138
-3.51875|-2.7495
-3.51772|-2.7376
-3.51643|-2.72562
-3.51483|-2.71366
-3.51291|-2.70175
-3.51069|-2.6899
-3.50817|-2.6781
-3.50536|-2.66638
-3.50224|-2.65473
-3.49883|-2.64316
-3.49512|-2.63168
-3.49112|-2.62031
-3.48682|-2.60903
-3.48224|-2.59788
-3.47737|-2.58684
-3.47221|-2.57593
-3.46708|-2.56572
-3.46216|-2.55617
-3.45756|-2.54722
-3.45338|-2.53882
-3.44943|-2.5303
-3.4457|-2.52169
-3.44219|-2.51298
-3.43888|-2.50418
-3.4358|-2.49529
-3.43295|-2.48636
-3.43032|-2.47737
-3.42792|-2.46831
-3.42575|-2.4592
-3.42382|-2.45003
-3.42212|-2.44081
-3.42066|-2.43155
-3.41942|-2.42224
-3.4184|-2.41288
-3.41762|-2.4035
-3.41707|-2.39411
-3.41673|-2.38289
-3.41638|-2.36946
-3.41601|-2.35603
-3.41562|-2.3426
-3.41524|-2.32917
-3.41488|-2.31574
-3.41452|-2.3023
-3.41416|-2.28887
-3.41381|-2.27544
-3.41345|-2.26201
-3.41309|-2.24857
-3.41272|-2.23514
-3.41235|-2.2217
-3.41198|-2.20827
-3.41161|-2.19483
-3.41124|-2.1814
-3.41088|-2.16796
-3.41051|-2.15453
-3.41015|-2.1411
-3.40978|-2.12766
-3.40941|-2.11423
-3.40905|-2.10079
-3.40868|-2.08736
-3.40831|-2.07392
-3.40794|-2.06049
-3.40758|-2.04705
-3.40721|-2.03362
-3.40684|-2.02018
-3.40648|-2.00675
-3.40611|-1.99331
-3.40574|-1.97988
-3.40538|-1.96644
-3.40501|-1.95301
-3.40464|-1.93957
-3.40428|-1.92614
-3.40391|-1.9127
-3.40354|-1.89927
-3.40318|-1.88583
-3.40281|-1.8724
-3.40244|-1.85897
-3.40207|-1.84553
-3.40171|-1.8321
-3.40134|-1.81866
-3.40097|-1.80523
-3.40061|-1.79179
-3.40024|-1.77836
-3.39987|-1.76492
-3.39951|-1.75149
-3.39914|-1.73805
-3.39877|-1.72462
-3.39841|-1.71118
-3.39804|-1.69775
-3.39767|-1.68431
-3.3973|-1.67088
-3.39694|-1.65744
-3.39657|-1.64401
-3.39622|-1.63125
-3.39605|-1.61915
-3.3962|-1.60772
-3.39679|-1.5963
-3.39781|-1.58491
-3.39924|-1.57362
-3.40106|-1.56236
-3.40353|-1.5498
-3.40624|-1.53665
-3.40893|-1.5235
-3.41163|-1.51035
-3.41435|-1.4972
-3.4171|-1.48404
-3.41987|-1.4709
-3.42264|-1.45775
-3.42541|-1.4446
-3.42817|-1.43145
-3.43093|-1.4183
-3.43368|-1.40515
-3.43643|-1.39199
-3.43918|-1.37884
-3.44194|-1.36569
-3.4447|-1.35253
-3.44746|-1.33938
-3.45022|-1.32623
-3.45298|-1.31308
-3.45574|-1.29992
-3.4585|-1.28677
-3.46126|-1.27362
-3.46402|-1.26046
-3.46677|-1.24731
-3.46953|-1.23416
-3.47229|-1.221
-3.47505|-1.20785
-3.47781|-1.1947
-3.48057|-1.18154
-3.48333|-1.16839
-3.48609|-1.15524
-3.48885|-1.14208
-3.49161|-1.12893
-3.49437|-1.11577
-3.49713|-1.10262
-3.49989|-1.08947
-3.50265|-1.07631
-3.50541|-1.06316
-3.50816|-1.05001
-3.51092|-1.03685
-3.51368|-1.0237
-3.51644|-1.01055
-3.5192|-0.997394
-3.52196|-0.98424
-3.52472|-0.971087
-3.52748|-0.957933
-3.53024|-0.94478
-3.533|-0.931626
-3.53576|-0.918473
-3.53852|-0.905319
-3.54128|-0.892166
-3.54403|-0.879012
-3.54679|-0.865859
-3.54955|-0.852705
-3.55231|-0.839552
-3.55507|-0.826398
-3.55783|-0.813245
-3.56045|-0.800767
-3.56276|-0.788928
-3.56464|-0.777693
-3.56608|-0.766347
-3.5671|-0.754955
-3.56771|-0.743537
-3.56792|-0.732109
-3.5677|-0.719409
-3.56738|-0.705983
-3.56708|-0.692562
-3.56677|-0.679138
-3.56644|-0.665707
-3.56608|-0.652274
-3.5657|-0.638844
-3.56532|-0.625415
-3.56494|-0.611984
-3.56457|-0.598551
-3.56421|-0.585117
-3.56385|-0.571684
-3.56349|-0.558251
-3.56313|-0.544817
-3.56277|-0.531382
-3.5624|-0.517948
-3.56203|-0.504514
-3.56166|-0.49108
-3.56129|-0.477645
-3.56092|-0.46421
-3.56056|-0.450775
-3.56019|-0.437341
-3.55983|-0.423906
-3.55946|-0.410471
-3.55909|-0.397036
-3.55872|-0.383602
-3.55836|-0.370167
-3.55799|-0.356732
-3.55762|-0.343297
-3.55725|-0.329863
-3.55689|-0.316428
-3.55652|-0.302993
-3.55615|-0.289558
-3.55579|-0.276123
-3.55542|-0.262689
-3.55505|-0.249254
-3.55468|-0.235819
-3.55432|-0.222384
-3.55395|-0.20895
-3.55358|-0.195515
-3.55322|-0.18208
-3.55285|-0.168645
-3.55248|-0.15521
-3.55211|-0.141776
-3.55175|-0.128341
-3.55138|-0.114906
-3.55101|-0.101471
-3.55065|-0.0880365
-3.55028|-0.0746017
-3.54991|-0.0611669
-3.54954|-0.0477321
-3.54918|-0.0342973
-3.54881|-0.0208625
-3.54844|-0.00742774
-3.54808|0.00600704
-3.54771|0.0194418
-3.54734|0.0328766
-3.54698|0.0463114
-3.54661|0.0597462
-3.54624|0.073181
-3.54587|0.0866158
-3.54551|0.100051
-3.54514|0.113485
-3.54477|0.12692
-3.54441|0.140355
-3.54404|0.15379
-3.54367|0.167224
-3.54331|0.180659
-3.54294|0.194094
-3.54257|0.207529
-3.5422|0.220964
-3.54184|0.234398
-3.54147|0.247833
-3.5411|0.261268
-3.54074|0.274703
-3.54037|0.288138
-3.54|0.301572
-3.53964|0.315007
-3.53927|0.328442
-3.5389|0.341877
-3.53853|0.355312
-3.53817|0.368746
-3.5378|0.382181
-3.53743|0.395616
-3.53707|0.409051
-3.5367|0.422485
-3.53633|0.43592
-3.53597|0.449355
-3.5356|0.46279
-3.53523|0.476225
-3.53487|0.489659
-3.5345|0.503094
-3.53413|0.516529
-3.53376|0.529964
-3.5334|0.543399
-3.53303|0.556833
-3.53266|0.570268
-3.5323|0.583703
-3.53193|0.597138
-3.53156|0.610573
-3.5312|0.624007
-3.53083|0.637442
-3.53046|0.650877
-3.5301|0.664312
-3.52973|0.677746
-3.52936|0.691181
-3.52899|0.704616
-3.52863|0.718051
-3.52826|0.731486
-3.52789|0.74492
-3.52753|0.758355
-3.52716|0.77179
-3.52679|0.785225
-3.52643|0.79866
-3.52606|0.812094
-3.52569|0.825529
-3.52533|0.838964
-3.52496|0.852399
-3.52459|0.865834
-3.52423|0.879268
-3.52386|0.892703
-3.52349|0.906138
-3.52313|0.919573
-3.52276|0.933008
-3.52239|0.946442
-3.52203|0.959877
-3.52166|0.973312
-3.52129|0.986747
-3.52093|1.00018
-3.52056|1.01362
-3.52019|1.02705
-3.51983|1.04049
-3.51946|1.05392
-3.51909|1.06736
-3.51872|1.08079
-3.51836|1.09423
-3.51799|1.10766
-3.51762|1.12109
-3.51726|1.13453
-3.51689|1.14796
-3.51652|1.1614
-3.51616|1.17483
-3.51579|1.18827
-3.51542|1.2017
-3.51506|1.21514
-3.51469|1.22857
-3.51432|1.24201
-3.51396|1.25544
-3.51359|1.26888
-3.51322|1.28231
-3.51286|1.29575
-3.51249|1.30918
-3.51212|1.32262
-3.51176|1.33605
-3.51139|1.34949
-3.51102|1.36292
-3.51066|1.37636
-3.51029|1.38979
-3.50992|1.40323
-3.50956|1.41666
-3.50919|1.43009
-3.50882|1.44353
-3.50846|1.45696
-3.50809|1.4704
-3.50772|1.48383
-3.50736|1.49727
-3.50699|1.5107
-3.50663|1.52414
-3.50626|1.53757
-3.50589|1.55101
-3.50553|1.56444
-3.50516|1.57788
-3.50479|1.59131
-3.50443|1.60475
-3.50406|1.61818
-3.50369|1.63162
-3.50333|1.64505
-3.50296|1.65849
-3.50259|1.67192
-3.50223|1.68536
-3.50186|1.69879
-3.50149|1.71223
-3.50113|1.72566
-3.50076|1.7391
-3.50039|1.75253
-3.50003|1.76596
-3.49966|1.7794
-3.49929|1.79283
-3.49893|1.80627
-3.49856|1.8197
-3.49819|1.83314
-3.49783|1.84657
-3.49746|1.86001
-3.4971|1.87344
-3.49673|1.88688
-3.49636|1.90031
-3.496|1.91375
-3.49563|1.92718
-3.49526|1.94062
-3.4949|1.95405
-3.49453|1.96749
-3.49416|1.98092
-3.4938|1.99436
-3.49343|2.00779
-3.49306|2.02123
-3.4927|2.03466
-3.49233|2.0481
-3.49196|2.06153
-3.4916|2.07497
-3.49123|2.0884
-3.49087|2.10184
-3.4905|2.11527
-3.49013|2.1287
-3.48977|2.14214
-3.4894|2.15557
-3.48903|2.16901
-3.48867|2.18244
-3.4883|2.19588
-3.48793|2.20931
-3.48757|2.22275
-3.4872|2.23618
-3.48684|2.24962
-3.48647|2.26305
-3.4861|2.27649
-3.48574|2.28992
-3.48537|2.30336
-3.485|2.31679
-3.48464|2.33023
-3.48427|2.34366
-3.4839|2.3571
-3.48354|2.37053
-3.48317|2.38397
-3.48281|2.3974
-3.48244|2.41084
-3.48207|2.42427
-3.48171|2.43771
-3.48134|2.45114
-3.48097|2.46457
-3.48061|2.47801
-3.48024|2.49144
-3.47987|2.50488
-3.47951|2.51831
-3.47914|2.53175
-3.47878|2.54518
-3.47841|2.55862
-3.47804|2.57205
-3.47768|2.58549
-3.47731|2.59892
-3.47694|2.61236
-3.47658|2.62579
-3.47621|2.63923
-3.47585|2.65266
-3.47548|2.6661
-3.47511|2.67953
-3.47475|2.69297
-3.47438|2.7064
-3.47401|2.71984
-3.47365|2.73327
-3.47328|2.74671
-3.47292|2.76014
-3.47255|2.77358
-3.47218|2.78701
-3.47182|2.80044
-3.47145|2.81388
-3.47109|2.82731
-3.47072|2.84075
-3.47035|2.85418
-3.46999|2.86762
-3.46962|2.88105
-3.46925|2.89449
-3.46889|2.90792
-3.46852|2.92136
-3.46816|2.93479
-3.46779|2.94823
-3.46742|2.96166
-3.46706|2.9751
-3.46669|2.98853
-3.46633|3.00197
-3.46596|3.0154
-3.46559|3.02884
-3.46523|3.04227
-3.46486|3.05571
-3.46449|3.06914
-3.46413|3.08258
-3.46376|3.09601
-3.4634|3.10945
-3.46303|3.12288
-3.46266|3.13632
-3.4623|3.14975
-3.46193|3.16318
-3.46157|3.17662
-3.4612|3.19005
-3.46083|3.20349
-3.46047|3.21692
-3.4601|3.23036
-3.45974|3.24379
-3.45937|3.25723
-3.459|3.27066
-3.45864|3.2841
-3.45827|3.29753
-3.4579|3.31097
-3.45754|3.3244
-3.45717|3.33784
-3.45681|3.35127
-3.45644|3.36471
-3.45607|3.37814
-3.45571|3.39158
-3.45536|3.40434
-3.45487|3.41643
-3.45409|3.42783
-3.45294|3.43854
-3.45125|3.44918
-3.44903|3.45968
-3.44634|3.47017
-3.44315|3.48051
-3.43942|3.4906
-3.43519|3.50048
-3.43046|3.51015
-3.42526|3.51956
-3.41958|3.52869
-3.41345|3.53752
-3.40688|3.54603
-3.39989|3.55422
-3.39249|3.56205
-3.38471|3.56949
-3.37655|3.57652
-3.36805|3.58312
-3.35923|3.58928
-3.3501|3.59497
-3.34069|3.60019
-3.33102|3.60491
-3.32112|3.60912
-3.31102|3.61281
-3.30074|3.61597
-3.29031|3.61859
-3.27976|3.62077
-3.26912|3.62243
-3.25841|3.62357
-3.24766|3.62418
-3.23551|3.62426
-3.22207|3.62406
-3.20865|3.62389
-3.19523|3.62373
-3.1818|3.62354
-3.16836|3.62333
-3.15493|3.62309
-3.1415|3.62283
-3.12807|3.62258
-3.11463|3.62233
-3.10119|3.62209
-3.08776|3.62186
-3.07432|3.62163
-3.06089|3.6214
-3.04745|3.62116
-3.03401|3.62092
-3.02057|3.62067
-3.00714|3.62042
-2.9937|3.62018
-2.98026|3.61994
-2.96683|3.6197
-2.95339|3.61946
-2.93995|3.61921
-2.92651|3.61897
-2.91308|3.61873
-2.89964|3.61849
-2.8862|3.61824
-2.87276|3.618
-2.85933|3.61776
-2.84589|3.61751
-2.83245|3.61727
-2.81901|3.61703
-2.80557|3.61679
-2.79214|3.61654
-2.7787|3.6163
-2.76526|3.61606
-2.75182|3.61581
-2.73839|3.61557
-2.72495|3.61533
-2.71151|3.61509
-2.69807|3.61484
-2.68464|3.6146
-2.6712|3.61436
-2.65776|3.61412
-2.64432|3.61387
-2.63089|3.61363
-2.61745|3.61339
-2.60401|3.61315
-2.59057|3.6129
-2.57714|3.61266
-2.5637|3.61242
-2.55026|3.61217
-2.53682|3.61193
-2.52338|3.61169
-2.50995|3.61145
-2.49651|3.6112
-2.48307|3.61096
-2.46963|3.61072
-2.4562|3.61048
-2.44276|3.61023
-2.42932|3.60999
-2.41588|3.60975
-2.40245|3.60951
-2.38901|3.60926
-2.37557|3.60902
-2.36213|3.60878
-2.3487|3.60854
-2.33526|3.60829
-2.32182|3.60805
-2.30838|3.60781
-2.29495|3.60757
-2.28151|3.60732
-2.26807|3.60708
-2.25463|3.60684
-2.24119|3.60659
-2.22776|3.60635
-2.21432|3.60611
-2.20088|3.60587
-2.18744|3.60562
-2.17401|3.60538
-2.16057|3.60514
-2.14713|3.6049
-2.13369|3.60465
-2.12026|3.60441
-2.10682|3.60417
-2.09338|3.60393
-2.07994|3.60368
-2.06651|3.60344
-2.05307|3.6032
-2.03963|3.60296
-2.02619|3.60271
-2.01276|3.60247
-1.99932|3.60223
-1.98588|3.60199
-1.97244|3.60174
-1.95901|3.6015
-1.94557|3.60126
-1.93213|3.60102
-1.91869|3.60078
-1.90525|3.60053
-1.89182|3.60029
-1.87838|3.60005
-1.86494|3.59981
-1.8515|3.59956
-1.83807|3.59932
-1.82463|3.59908
-1.81119|3.59884
-1.79775|3.59859
-1.78432|3.59835
-1.77088|3.59811
-1.75744|3.59787
-1.744|3.59762
-1.73057|3.59738
-1.71713|3.59714
-1.70369|3.5969
-1.69025|3.59665
-1.67682|3.59641
-1.66338|3.59617
-1.64994|3.59593
-1.6365|3.59568
-1.62306|3.59544
-1.60963|3.5952
-1.59619|3.59496
-1.58275|3.59472
-1.56931|3.59447
-1.55588|3.59423
-1.54244|3.59399
-1.529|3.59375
-1.51556|3.5935
-1.50213|3.59326
-1.48869|3.59302
-1.47525|3.59278
-1.46181|3.59253
-1.44838|3.59229
-1.43494|3.59205
-1.4215|3.59181
-1.40806|3.59157
-1.39463|3.59132
-1.38119|3.59108
-1.36775|3.59084
-1.35431|3.5906
-1.34087|3.59035
-1.32744|3.59011
-1.314|3.58987
-1.30056|3.58963
-1.28712|3.58938
-1.27369|3.58914
-1.26025|3.5889
-1.24681|3.58866
-1.23337|3.58842
-1.21994|3.58817
-1.2065|3.58793
-1.19306|3.58769
-1.17962|3.58745
-1.16619|3.5872
-1.15275|3.58696
-1.13931|3.58672
-1.12587|3.58648
-1.11244|3.58624
-1.099|3.58599
-1.08556|3.58575
-1.07212|3.58551
-1.05868|3.58527
-1.04525|3.58503
-1.03181|3.58478
-1.01837|3.58454
-1.00493|3.5843
-0.991497|3.58406
-0.978059|3.58381
-0.964621|3.58357
-0.951184|3.58333
-0.937746|3.58309
-0.924309|3.58285
-0.910871|3.5826
-0.897433|3.58236
-0.883996|3.58212
-0.870558|3.58188
-0.857121|3.58164
-0.843683|3.58139
-0.830245|3.58115
-0.816808|3.58091
-0.80337|3.58067
-0.789932|3.58042
-0.776495|3.58018
-0.763057|3.57994
-0.74962|3.5797
-0.736182|3.57946
-0.722744|3.57921
-0.709307|3.57897
-0.695869|3.57873
-0.682431|3.57849
-0.668994|3.57825
-0.655556|3.578
-0.642119|3.57776
-0.628681|3.57752
-0.615243|3.57728
-0.601806|3.57704
-0.588368|3.57679
-0.57493|3.57655
-0.561493|3.57631
-0.548055|3.57607
-0.534618|3.57583
-0.52118|3.57558
-0.507742|3.57534
-0.494305|3.5751
-0.480867|3.57486
-0.46743|3.57462
-0.453992|3.57437
-0.440554|3.57413
-0.427117|3.57389
-0.413679|3.57365
-0.400241|3.57341
-0.386804|3.57316
-0.373366|3.57292
-0.359929|3.57268
-0.346491|3.57244
-0.333053|3.5722
-0.319616|3.57195
-0.306178|3.57171
-0.29274|3.57147
-0.279303|3.57123
-0.265865|3.57099
-0.252428|3.57074
-0.23899|3.5705
-0.225552|3.57026
-0.212115|3.57002
-0.198677|3.56978
-0.185239|3.56953
-0.171802|3.56929
-0.158364|3.56905
-0.144927|3.56881
-0.131489|3.56857
-0.118051|3.56833
-0.104614|3.56808
-0.0911761|3.56784
-0.0777384|3.5676
-0.0643008|3.56736
-0.0508632|3.56712
-0.0374256|3.56687
-0.0239879|3.56663
-0.0105503|3.56639
0.00288731|3.56615
0.0163249|3.56591
0.0297626|3.56566
0.0432002|3.56542
0.0566378|3.56518
0.0700754|3.56494
0.0835131|3.5647
0.0969507|3.56446
0.110388|3.56421
0.123826|3.56397
0.137264|3.56373
0.150701|3.56349
0.164139|3.56325
0.177576|3.563
0.191014|3.56276
0.204452|3.56252
0.217889|3.56228
0.231327|3.56204
0.244765|3.5618
0.258202|3.56155
0.27164|3.56131
0.285077|3.56107
0.298515|3.56083
0.311953|3.56059
0.32539|3.56035
0.338828|3.5601
0.352266|3.55986
0.365703|3.55962
0.379141|3.55938
0.392578|3.55914
0.406016|3.55889
0.419454|3.55865
0.432891|3.55841
0.446329|3.55817
0.459767|3.55793
0.473204|3.55769
0.486642|3.55744
0.500079|3.5572
0.513517|3.55696
0.526955|3.55672
0.540392|3.55648
0.55383|3.55624
0.567268|3.55599
0.580705|3.55575
0.594143|3.55551
0.60758|3.55527
0.621018|3.55503
0.634456|3.55479
0.647893|3.55454
0.661331|3.5543
0.674769|3.55406
0.688206|3.55382
0.701644|3.55358
0.715082|3.55334
0.728519|3.55309
0.741957|3.55285
0.755394|3.55261
0.768832|3.55237
0.78227|3.55213
0.795707|3.55189
0.809145|3.55164
0.822583|3.5514
0.83602|3.55116
0.849458|3.55092
0.862895|3.55068
0.876333|3.55044
0.889771|3.5502
0.903208|3.54995
0.916646|3.54971
0.930084|3.54947
0.943521|3.54923
0.956959|3.54899
0.970396|3.54875
0.983834|3.5485
0.997272|3.54826
1.01071|3.54802
1.02415|3.54778
1.03758|3.54754
1.05102|3.5473
1.06446|3.54706
1.0779|3.54681
1.09134|3.54657
1.10477|3.54633
1.11821|3.54609
1.13165|3.54585
1.14509|3.54561
1.15852|3.54536
1.17196|3.54512
1.1854|3.54488
1.19884|3.54464
1.21227|3.5444
1.22571|3.54416
1.23915|3.54392
1.25259|3.54367
1.26602|3.54343
1.27946|3.54319
1.2929|3.54295
1.30634|3.54271
1.31977|3.54247
1.33321|3.54223
1.34665|3.54198
1.36009|3.54174
1.37353|3.5415
1.38696|3.54126
1.4004|3.54102
1.41384|3.54078
1.42728|3.54054
1.44071|3.54029
1.45415|3.54005
1.46759|3.53981
1.48103|3.53957
1.49446|3.53933
1.5079|3.53909
1.52134|3.53885
1.53478|3.5386
1.54821|3.53836
1.56165|3.53812
1.57509|3.53788
1.58853|3.53764
1.60197|3.5374
1.6154|3.53716
1.62884|3.53692
1.64228|3.53667
1.65572|3.53643
1.66915|3.53619
1.68259|3.53595
1.69603|3.53571
1.70947|3.53547
1.7229|3.53523
1.73634|3.53498
1.74978|3.53474
1.76322|3.5345
1.77665|3.53426
1.79009|3.53402
1.80353|3.53378
1.81697|3.53354
1.8304|3.5333
1.84384|3.53305
1.85728|3.53281
1.87072|3.53257
1.88416|3.53233
1.89759|3.53209
1.91103|3.53185
1.92447|3.53161
1.93791|3.53137
1.95134|3.53112
1.96478|3.53088
1.97822|3.53064
1.99166|3.5304
2.00509|3.53016
2.01853|3.52992
2.03197|3.52968
2.04541|3.52944
2.05884|3.52919
2.07228|3.52895
2.08572|3.52871
2.09916|3.52847
2.1126|3.52823
2.12603|3.52799
2.13947|3.52775
2.15291|3.52751
2.16635|3.52727
2.17978|3.52702
2.19322|3.52678
2.20666|3.52654
2.2201|3.5263
2.23353|3.52606
2.24697|3.52582
2.26041|3.52558
2.27385|3.52534
2.28728|3.52509
2.30072|3.52485
2.31416|3.52461
2.3276|3.52437
2.34104|3.52413
2.35447|3.52389
2.36791|3.52365
2.38135|3.52341
2.39479|3.52317
2.40822|3.52292
2.42166|3.52268
2.4351|3.52244
2.44854|3.5222
2.46197|3.52196
2.47541|3.52172
2.48885|3.52148
2.50229|3.52124
2.51572|3.521
2.52916|3.52075
2.5426|3.52051
2.55604|3.52027
2.56948|3.52003
2.58291|3.51979
2.59635|3.51955
2.60979|3.51931
2.62323|3.51907
2.63666|3.51883
2.6501|3.51859
2.66354|3.51834
2.67698|3.5181
2.69041|3.51786
2.70385|3.51762
2.71729|3.51738
2.73073|3.51714
2.74416|3.5169
2.7576|3.51666
2.77104|3.51642
2.78448|3.51618
2.79791|3.51593
2.81135|3.51569
2.82479|3.51545
2.83823|3.51521
2.85167|3.51497
2.8651|3.51473
2.87854|3.51449
2.89198|3.51425
2.90542|3.51401
2.91885|3.51377
2.93229|3.51352
2.94573|3.51328
2.95917|3.51304
2.9726|3.5128
2.98604|3.51256
2.99948|3.51232
3.01292|3.51208
3.02635|3.51184
3.03979|3.5116
3.05323|3.51136
3.06667|3.51112
3.08011|3.51087
3.09354|3.51063
3.10698|3.51039
3.12042|3.51015
3.13386|3.50991
3.14729|3.50967
3.16073|3.50943
3.17417|3.50919
3.18761|3.50895
3.20104|3.50871
3.21448|3.50847
3.22792|3.50823
3.24136|3.50798
3.25479|3.50774
3.26823|3.5075
3.28167|3.50726
3.29511|3.50702
3.30855|3.50678
3.32198|3.50654
3.33542|3.5063
3.34886|3.50606
3.3623|3.50582
3.37573|3.50558
3.38917|3.50534
3.40261|3.50509
3.41605|3.50485
3.42948|3.50461
3.44292|3.50437
3.45636|3.50413
3.4698|3.50389
3.48256|3.50366
3.49466|3.50328
3.50607|3.50261
3.51679|3.50156
3.52678|3.50006
3.53665|3.49793
3.54632|3.4952
3.55596|3.49195
3.56536|3.48812
3.5745|3.4837
3.58323|3.47867
3.59164|3.4731
3.59967|3.467
3.60731|3.4604
3.61451|3.45334
3.62126|3.44583
3.62751|3.43792
3.63322|3.42961
3.63839|3.42095
3.64299|3.41198
3.647|3.40273
3.6504|3.39324
3.65333|3.38358
3.65579|3.37238
3.65812|3.35972
3.66047|3.3465
3.66289|3.33331
3.66533|3.32012
3.66776|3.30691
3.67018|3.2937
3.67258|3.28049
3.67498|3.26727
3.67739|3.25406
3.67981|3.24084
3.68225|3.22763
3.6847|3.21442
3.68715|3.20121
3.6896|3.18799
3.69205|3.17478
3.69449|3.16156
3.69694|3.14835
3.69938|3.13514
3.70183|3.12192
3.70428|3.10871
3.70673|3.09549
3.70918|3.08228
3.71164|3.06907
3.71396|3.05653
3.716|3.04464
3.71762|3.03332
3.7188|3.02195
3.71956|3.01053
3.71992|2.99911
3.71987|2.98628
3.71971|2.97285
3.71957|2.95943
3.71944|2.946
3.71928|2.93257
3.71908|2.91913
3.71887|2.9057
3.71865|2.89227
3.71844|2.87883
3.71823|2.8654
3.71803|2.85196
3.71784|2.83852
3.71765|2.82509
3.71746|2.81165
3.71726|2.79821
3.71705|2.78477
3.71685|2.77134
3.71664|2.7579
3.71644|2.74446
3.71624|2.73102
3.71604|2.71758
3.71584|2.70415
3.71564|2.69071
3.71544|2.67727
3.71524|2.66383
3.71504|2.65039
3.71483|2.63695
3.71463|2.62352
3.71443|2.61008
3.71423|2.59664
3.71403|2.5832
3.71383|2.56976
3.71362|2.55632
3.71342|2.54289
3.71322|2.52945
3.71302|2.51601
3.71282|2.50257
3.71262|2.48913
3.71242|2.47569
3.71222|2.46226
3.71201|2.44882
3.71181|2.43538
3.71161|2.42194
3.71141|2.4085
3.71121|2.39506
3.71101|2.38163
3.71081|2.36819
3.7106|2.35475
3.7104|2.34131
3.7102|2.32787
3.71|2.31443
3.7098|2.301
3.7096|2.28756
3.7094|2.27412
3.7092|2.26068
3.70899|2.24724
3.70879|2.2338
3.70859|2.22037
3.70839|2.20693
3.70819|2.19349
3.70799|2.18005
3.70779|2.16661
3.70758|2.15318
3.70738|2.13974
3.70718|2.1263
3.70698|2.11286
3.70678|2.09942
3.70658|2.08598
3.70638|2.07255
3.70618|2.05911
3.70597|2.04567
3.70577|2.03223
3.70557|2.01879
3.70537|2.00535
3.70517|1.99192
3.70497|1.97848
3.70477|1.96504
3.70457|1.9516
3.70437|1.93816
3.70416|1.92472
3.70396|1.91129
3.70376|1.89785
3.70356|1.88441
3.70336|1.87097
3.70316|1.85753
3.70296|1.84409
3.70276|1.83066
3.70255|1.81722
3.70235|1.80378
3.70215|1.79034
3.70195|1.7769
3.70175|1.76346
3.70155|1.75003
3.70135|1.73659
3.70115|1.72315
3.70095|1.70971
3.70074|1.69627
3.70054|1.68283
3.70034|1.6694
3.70014|1.65596
3.69994|1.64252
3.69974|1.62908
3.69954|1.61564
3.69934|1.60221
3.69914|1.58877
3.69893|1.57533
3.69873|1.56189
3.69853|1.54845
3.69833|1.53501
3.69813|1.52158
3.69793|1.50814
3.69773|1.4947
3.69753|1.48126
3.69733|1.46782
3.69712|1.45438
3.69692|1.44095
3.69672|1.42751
3.69652|1.41407
3.69632|1.40063
3.69612|1.38719
3.69592|1.37375
3.69572|1.36032
3.69552|1.34688
3.69532|1.33344
3.69511|1.32
3.69491|1.30656
3.69471|1.29312
3.69451|1.27969
3.69431|1.26625
3.69411|1.25281
3.69391|1.23937
3.69371|1.22593
3.69351|1.21249
3.69331|1.19906
3.6931|1.18562
3.6929|1.17218
3.6927|1.15874
3.6925|1.1453
3.6923|1.13186
3.6921|1.11843
3.6919|1.10499
3.6917|1.09155
3.6915|1.07811
3.6913|1.06467
3.6911|1.05123
3.69089|1.0378
3.69069|1.02436
3.69049|1.01092
3.69029|0.997482
3.69009|0.984043
3.68989|0.970605
3.68969|0.957167
3.68949|0.943728
3.68929|0.93029
3.68909|0.916852
3.68889|0.903414
3.68868|0.889975
3.68848|0.876537
3.68828|0.863099
3.68808|0.84966
3.68788|0.836222
3.68768|0.822784
3.68748|0.809345
3.68728|0.795907
3.68708|0.782469
3.68688|0.769031
3.68668|0.755592
3.68648|0.742154
3.68627|0.728716
3.68607|0.715277
3.68587|0.701839
3.68567|0.688401
3.68547|0.674962
3.68527|0.661524
3.68507|0.648086
3.68487|0.634647
3.68467|0.621209
3.68447|0.607771
3.68427|0.594333
3.68407|0.580894
3.68386|0.567456
3.68366|0.554018
3.68346|0.540579
3.68326|0.527141
3.68306|0.513703
3.68286|0.500264
3.68266|0.486826
3.68246|0.473388
3.68226|0.45995
3.68206|0.446511
3.68186|0.433073
3.68166|0.419635
3.68146|0.406196
3.68126|0.392758
3.68105|0.37932
3.68085|0.365881
3.68065|0.352443
3.68045|0.339005
3.68025|0.325567
3.68005|0.312128
3.67985|0.29869
3.67965|0.285252
3.67945|0.271813
3.67925|0.258375
3.67905|0.244937
3.67885|0.231498
3.67865|0.21806
3.67845|0.204622
3.67824|0.191184
3.67804|0.177745
3.67784|0.164307
3.67764|0.150869
3.67744|0.13743
3.67724|0.123992
3.67704|0.110554
3.67684|0.0971154
3.67664|0.0836771
3.67644|0.0702388
3.67624|0.0568005
3.67604|0.0433622
3.67584|0.0299239
3.67564|0.0164856
3.67544|0.00304726
3.67524|-0.010391
3.67503|-0.0238294
3.67483|-0.0372677
3.67463|-0.050706
3.67443|-0.0641443
3.67423|-0.0775826
3.67403|-0.0910209
3.67383|-0.104459
3.67363|-0.117897
3.67343|-0.131336
3.67323|-0.144774
3.67303|-0.158212
3.67283|-0.171651
3.67263|-0.185089
3.67243|-0.198527
3.67223|-0.211966
3.67203|-0.225404
3.67183|-0.238842
3.67163|-0.252281
3.67143|-0.265719
3.67122|-0.279157
3.67102|-0.292595
3.67082|-0.306034
3.67062|-0.319472
3.67042|-0.33291
3.67022|-0.346349
3.67002|-0.359787
3.66982|-0.373225
3.66962|-0.386664
3.66942|-0.400102
3.66922|-0.41354
3.66902|-0.426979
3.66882|-0.440417
3.66862|-0.453855
3.66842|-0.467293
3.66822|-0.480732
3.66802|-0.49417
3.66782|-0.507608
3.66762|-0.521047
3.66742|-0.534485
3.66722|-0.547923
3.66701|-0.561362
3.66681|-0.5748
3.66661|-0.588238
3.66641|-0.601677
3.66621|-0.615115
3.66601|-0.628553
3.66581|-0.641991
3.66561|-0.65543
3.66541|-0.668868
3.66521|-0.682306
3.66501|-0.695745
3.66481|-0.709183
3.66461|-0.722621
3.66441|-0.73606
3.66421|-0.749498
3.66401|-0.762936
3.66381|-0.776375
3.66361|-0.789813
3.66341|-0.803251
3.66321|-0.816689
3.66301|-0.830128
3.66281|-0.843566
3.66261|-0.857004
3.66241|-0.870443
3.66221|-0.883881
3.66201|-0.897319
3.66181|-0.910758
3.66161|-0.924196
3.6614|-0.937634
3.6612|-0.951073
3.661|-0.964511
3.6608|-0.977949
3.6606|-0.991387
3.6604|-1.00483
3.6602|-1.01826
3.66|-1.0317
3.6598|-1.04514
3.6596|-1.05858
3.6594|-1.07202
3.6592|-1.08546
3.659|-1.09889
3.6588|-1.11233
3.6586|-1.12577
3.6584|-1.13921
3.6582|-1.15265
3.658|-1.16609
3.6578|-1.17952
3.6576|-1.19296
3.6574|-1.2064
3.6572|-1.21984
3.657|-1.23328
3.6568|-1.24672
3.6566|-1.26015
3.6564|-1.27359
3.6562|-1.28703
3.656|-1.30047
3.6558|-1.31391
3.6556|-1.32735
3.6554|-1.34078
3.6552|-1.35422
3.655|-1.36766
3.6548|-1.3811
3.6546|-1.39454
3.6544|-1.40798
3.6542|-1.42141
3.654|-1.43485
3.6538|-1.44829
3.6536|-1.46173
3.6534|-1.47517
3.6532|-1.4886
3.653|-1.50204
3.6528|-1.51548
3.6526|-1.52892
3.6524|-1.54236
3.6522|-1.5558
3.652|-1.56923
3.6518|-1.58267
3.6516|-1.59611
3.65139|-1.60955
3.65119|-1.62299
3.65099|-1.63643
3.65079|-1.64986
3.65059|-1.6633
3.65039|-1.67674
3.65019|-1.69018
3.64999|-1.70362
3.64979|-1.71706
3.64959|-1.73049
3.64939|-1.74393
3.64919|-1.75737
3.64899|-1.77081
3.64879|-1.78425
3.64859|-1.79769
3.64839|-1.81112
3.64819|-1.82456
3.64799|-1.838
3.64779|-1.85144
3.64759|-1.86488
3.64739|-1.87832
3.64719|-1.89175
3.64699|-1.90519
3.64679|-1.91863
3.64659|-1.93207
3.64639|-1.94551
3.64619|-1.95895
3.64599|-1.97238
3.64579|-1.98582
3.64559|-1.99926
3.64539|-2.0127
3.64519|-2.02614
3.64499|-2.03958
3.64479|-2.05301
3.64459|-2.06645
3.64439|-2.07989
3.64419|-2.09333
3.64399|-2.10677
3.64379|-2.12021
3.64359|-2.13364
3.64339|-2.14708
3.64319|-2.16052
3.64299|-2.17396
3.64279|-2.1874
3.64259|-2.20084
3.6424|-2.21427
3.6422|-2.22771
3.642|-2.24115
3.6418|-2.25459
3.6416|-2.26803
3.6414|-2.28147
3.6412|-2.2949
3.641|-2.30834
3.6408|-2.32178
3.6406|-2.33522
3.6404|-2.34866
3.6402|-2.3621
3.64|-2.37553
3.6398|-2.38897
3.6396|-2.40241
3.6394|-2.41585
3.6392|-2.42929
3.639|-2.44273
3.6388|-2.45616
3.6386|-2.4696
3.6384|-2.48304
3.6382|-2.49648
3.638|-2.50992
3.6378|-2.52336
3.6376|-2.53679
3.6374|-2.55023
3.6372|-2.56367
3.637|-2.57711
3.6368|-2.59055
3.6366|-2.60398
3.6364|-2.61742
3.6362|-2.63086
3.636|-2.6443
3.6358|-2.65774
3.6356|-2.67118
3.6354|-2.68461
3.6352|-2.69805
3.635|-2.71149
3.6348|-2.72493
3.6346|-2.73837
3.6344|-2.75181
3.6342|-2.76524
3.634|-2.77868
3.6338|-2.79212
3.6336|-2.80556
3.6334|-2.819
3.6332|-2.83244
3.633|-2.84587
3.6328|-2.85931
3.6326|-2.87275
3.63241|-2.88619
3.63221|-2.89963
3.63201|-2.91307
3.63181|-2.9265
3.63161|-2.93994
3.63141|-2.95338
3.63121|-2.96682
3.63101|-2.98026
3.63081|-2.9937
3.63061|-3.00713
3.63041|-3.02057
3.63021|-3.03401
3.63001|-3.04745
3.62981|-3.06089
3.62961|-3.07433
3.62941|-3.08776
3.62921|-3.1012
3.62901|-3.11464
3.62881|-3.12808
3.62861|-3.14152
3.62841|-3.15496
3.62822|-3.16772
3.62788|-3.17982
3.62725|-3.19123
3.62623|-3.20195
3.62476|-3.21195
3.62279|-3.22119
3.62014|-3.23023
3.61683|-3.23901
3.61297|-3.24769
3.60848|-3.25604
3.60338|-3.26401
3.59769|-3.27155
3.5914|-3.27853
3.58456|-3.28499
3.57727|-3.2909
3.56948|-3.29618
3.56035|-3.30165
3.54976|-3.30725
3.53792|-3.31309
3.52582|-3.31883
3.51374|-3.32463
3.50166|-3.33044
3.48956|-3.33625
3.47745|-3.34204
3.46534|-3.34783
3.45323|-3.35362
3.44112|-3.35942
3.42902|-3.36525
3.41692|-3.37109
3.40483|-3.37694
3.39274|-3.3828
3.38065|-3.38865
3.36855|-3.3945
3.35645|-3.40035
3.34435|-3.4062
3.33225|-3.41205
3.32016|-3.4179
3.30806|-3.42376
3.29597|-3.42962
3.28387|-3.43547
3.27178|-3.44133
3.25968|-3.44719
3.24821|-3.45275
3.23728|-3.45785
3.22684|-3.46239
3.21622|-3.46651
3.20541|-3.47021
3.19446|-3.4735
3.18339|-3.47638
3.17223|-3.47882
3.16098|-3.48082
3.14829|-3.48257
3.13498|-3.48428
3.12167|-3.48604
3.10836|-3.4878
3.09504|-3.48956
3.08171|-3.49129
3.06839|-3.49301
3.05506|-3.49472
3.04174|-3.49644
3.02841|-3.49817
3.01508|-3.4999
3.00176|-3.50165
2.98844|-3.50339
2.97511|-3.50514
2.96247|-3.50679
2.95049|-3.50818
2.9391|-3.50919
2.92834|-3.50973
2.91823|-3.50972
2.90814|-3.50909
2.89812|-3.50785
2.8883|-3.506
2.87874|-3.50353
2.86911|-3.50056
2.85843|-3.49654
2.84659|-3.4916
2.83426|-3.48633
2.82191|-3.48106
2.80958|-3.47579
2.79725|-3.47048
2.78492|-3.46514
2.77261|-3.45977
2.7603|-3.45441
2.74799|-3.44904
2.73567|-3.44369
2.72335|-3.43833
2.71103|-3.43298
2.69933|-3.4279
2.6882|-3.42324
2.67695|-3.41887
2.66558|-3.4148
2.65412|-3.41101
2.64255|-3.40751
2.63089|-3.40429
2.61918|-3.40139
2.60611|-3.39849
2.593|-3.39558
2.57989|-3.39265
2.56678|-3.38972
2.55367|-3.38681
2.54055|-3.38391
2.52743|-3.38101
2.5143|-3.37812
2.50118|-3.37523
2.48806|-3.37232
2.47494|-3.36942
2.46182|-3.3665
2.4487|-3.36359
2.43558|-3.36068
2.42246|-3.35777
2.40934|-3.35487
2.39622|-3.35196
2.38309|-3.34906
2.36997|-3.34615
2.35753|-3.34339
2.34579|-3.34062
2.33479|-3.33769
2.32391|-3.33433
2.31317|-3.33054
2.30255|-3.32634
2.29208|-3.32176
2.2818|-3.3168
2.27171|-3.31146
2.26061|-3.30509
2.24904|-3.29828
2.23745|-3.29149
2.22587|-3.2847
2.21429|-3.27789
2.20272|-3.27106
2.19117|-3.26422
2.17961|-3.25736
2.16864|-3.25085
2.15834|-3.24455
2.14878|-3.23836
2.13949|-3.23178
2.13045|-3.22483
2.12216|-3.21797
2.11455|-3.21137
2.10751|-3.20516
2.10096|-3.19942
2.09486|-3.19417
2.08861|-3.1891
2.08223|-3.18419
2.07574|-3.17943
2.06914|-3.17483
2.06242|-3.17039
2.0556|-3.16611
2.04868|-3.16201
2.04167|-3.15809
2.03457|-3.15434
2.02737|-3.15077
2.02008|-3.14739
2.01271|-3.1442
2.00526|-3.14119
1.99774|-3.13838
1.99014|-3.13576
1.98248|-3.13334
1.97477|-3.13112
1.967|-3.1291
1.95653|-3.12663
1.94401|-3.12402
1.93082|-3.12147
1.91765|-3.11888
1.90447|-3.11628
1.89129|-3.11368
1.8781|-3.11109
1.86492|-3.10851
1.85173|-3.10594
1.83854|-3.10337
1.82535|-3.10079
1.81216|-3.09821
1.79898|-3.09562
1.78579|-3.09303
1.7726|-3.09044
1.75941|-3.08785
1.74623|-3.08527
1.73304|-3.08268
1.71985|-3.0801
1.70666|-3.07752
1.69347|-3.07493
1.68028|-3.07234
1.66709|-3.06976
1.65391|-3.06717
1.64072|-3.06458
1.62753|-3.062
1.61434|-3.05941
1.60115|-3.05682
1.58796|-3.05424
1.57477|-3.05165
1.56159|-3.04906
1.5484|-3.04648
1.53521|-3.04389
1.52202|-3.04131
1.50883|-3.03872
1.49564|-3.03613
1.48245|-3.03355
1.46927|-3.03096
1.45608|-3.02837
1.44289|-3.02579
1.4297|-3.0232
1.41651|-3.02062
1.40332|-3.01803
1.39013|-3.01544
1.37695|-3.01286
1.36376|-3.01027
1.35057|-3.00768
1.33738|-3.0051
1.32419|-3.00251
1.311|-2.99992
1.29781|-2.99734
1.28463|-2.99475
1.27144|-2.99217
1.25825|-2.98958
1.24506|-2.98699
1.23187|-2.98441
1.21868|-2.98182
1.20549|-2.97923
1.19231|-2.97665
1.17912|-2.97406
1.16593|-2.97148
1.15274|-2.96889
1.13955|-2.9663
1.12636|-2.96372
1.11317|-2.96113
1.09999|-2.95854
1.0868|-2.95596
1.07361|-2.95337
1.06042|-2.95079
1.04723|-2.9482
1.03404|-2.94561
1.02085|-2.94303
1.00767|-2.94044
0.994476|-2.93786
0.981288|-2.93527
0.968099|-2.93268
0.954911|-2.9301
0.941722|-2.92751
0.928533|-2.92492
0.915345|-2.92234
0.902156|-2.91975
0.888968|-2.91717
0.875779|-2.91458
0.86259|-2.91199
0.849402|-2.90941
0.836213|-2.90682
0.823025|-2.90424
0.809836|-2.90165
0.796647|-2.89906
0.783459|-2.89648
0.77027|-2.89389
0.757082|-2.8913
0.743893|-2.88872
0.730704|-2.88613
0.717516|-2.88355
0.704327|-2.88096
0.691139|-2.87837
0.67795|-2.87579
0.664761|-2.8732
0.651573|-2.87062
0.638384|-2.86803
0.625196|-2.86544
0.612007|-2.86286
0.598818|-2.86027
0.58563|-2.85768
0.572441|-2.8551
0.559252|-2.85251
0.546064|-2.84993
0.532875|-2.84734
0.519687|-2.84475
0.506498|-2.84217
0.493309|-2.83958
0.480121|-2.837
0.466932|-2.83441
0.453743|-2.83182
0.440555|-2.82924
0.427366|-2.82665
0.414178|-2.82407
0.400989|-2.82148
0.3878|-2.81889
0.374612|-2.81631
0.361423|-2.81372
0.348235|-2.81114
0.335046|-2.80855
0.321857|-2.80596
0.308669|-2.80338
0.29548|-2.80079
0.282291|-2.79821
0.269103|-2.79562
0.255914|-2.79303
0.242725|-2.79045
0.230215|-2.78799
0.218411|-2.78551
0.207343|-2.78286
0.197048|-2.77994
0.186915|-2.77647
0.176921|-2.77249
0.167057|-2.76805
0.15746|-2.76312
0.148169|-2.75769
0.139158|-2.75182
0.13046|-2.74549
0.122102|-2.73874
0.114102|-2.73156
0.106479|-2.72399
0.0992125|-2.71603
0.0923678|-2.70772
0.0859634|-2.69907
0.0800158|-2.6901
0.07454|-2.68084
0.0688905|-2.67016
0.0629305|-2.65825
0.0570024|-2.64621
0.0510398|-2.6342
0.0450752|-2.62218
0.0391168|-2.61015
0.0331724|-2.5981
0.0272353|-2.58606
0.0212971|-2.57401
0.0153523|-2.56197
0.00939377|-2.54993
0.00371597|-2.53851
-0.00150731|-2.52764
-0.00615205|-2.51725
-0.0101234|-2.50731
-0.0135578|-2.49712
-0.0164826|-2.48675
-0.0189116|-2.47622
-0.0208483|-2.46562
-0.0222804|-2.45495
-0.0233063|-2.44284
-0.0240189|-2.42943
-0.0247992|-2.41603
-0.0256096|-2.40263
-0.0264151|-2.38922
-0.0271981|-2.37581
-0.0279578|-2.3624
-0.028705|-2.34898
-0.029453|-2.33557
-0.0302115|-2.32215
-0.0309835|-2.30874
-0.0317668|-2.29532
-0.0325554|-2.28191
-0.0333436|-2.26849
-0.0341279|-2.25508
-0.0349081|-2.24166
-0.0356859|-2.22824
-0.0364635|-2.21483
-0.0372426|-2.20141
-0.0380239|-2.18799
-0.0388071|-2.17458
-0.0395912|-2.16116
-0.0403352|-2.14843
-0.0408725|-2.13635
-0.0410893|-2.12425
-0.041001|-2.11215
-0.0406201|-2.10005
-0.0399487|-2.08804
-0.0389968|-2.07616
-0.0376815|-2.06279
-0.03639|-2.04942
-0.0351033|-2.03605
-0.0338056|-2.02268
-0.0324897|-2.00931
-0.0311581|-1.99594
-0.0298186|-1.98257
-0.0284793|-1.9692
-0.027145|-1.95583
-0.0258848|-1.94314
-0.0248579|-1.93108
-0.0241528|-1.919
-0.023752|-1.90691
-0.0236408|-1.89481
-0.0238126|-1.88271
-0.0242719|-1.87064
-0.0250283|-1.85873
-0.0260501|-1.84683
-0.0273236|-1.83484
-0.0289151|-1.82289
-0.0308203|-1.81098
-0.0330327|-1.79912
-0.0355465|-1.78733
-0.0383577|-1.7756
-0.0414651|-1.76395
-0.0448685|-1.75238
-0.0489666|-1.73958
-0.0530433|-1.72679
-0.0569021|-1.71463
-0.0604111|-1.70308
-0.0634317|-1.6921
-0.0658782|-1.68164
-0.0676873|-1.6717
-0.0688887|-1.66166
-0.0695046|-1.65157
-0.0695093|-1.64147
-0.0688985|-1.6314
-0.0676544|-1.62149
-0.0657515|-1.61196
-0.063312|-1.60241
-0.0603511|-1.59278
-0.0567868|-1.58334
-0.0521127|-1.57293
-0.0464597|-1.56141
-0.0404582|-1.54943
-0.0344638|-1.53743
-0.0284723|-1.52544
-0.0224402|-1.51345
-0.0163671|-1.50147
-0.0102677|-1.48951
-0.00415932|-1.47755
0.00194256|-1.46559
0.00803777|-1.45362
0.0138286|-1.44225
0.0191576|-1.43143
0.0241907|-1.42045
0.0289412|-1.40935
0.0334161|-1.39813
0.0376147|-1.38679
0.0415311|-1.37536
0.0451473|-1.36385
0.0484739|-1.35227
0.0515041|-1.34059
0.0542324|-1.32885
0.056655|-1.31703
0.0587706|-1.30516
0.0605046|-1.29386
0.061734|-1.28316
0.062378|-1.27308
0.0623905|-1.26298
0.0617829|-1.25289
0.0605633|-1.24287
0.0587206|-1.23305
0.0562531|-1.22352
0.0529144|-1.21261
0.0487298|-1.20047
0.0442459|-1.18783
0.0397626|-1.17518
0.0352714|-1.16254
0.0307417|-1.14989
0.0261771|-1.13726
0.0215948|-1.12464
0.017012|-1.11201
0.0126688|-1.10004
0.00870148|-1.08865
0.00525873|-1.07779
0.0024387|-1.06747
0.000285139|-1.05758
-0.00126278|-1.04758
-0.00223646|-1.03747
-0.00260486|-1.02737
-0.00236534|-1.01728
-0.00150483|-1.00726
0.000190565|-0.996004
0.00249286|-0.983363
0.00501634|-0.970179
0.00753047|-0.957003
0.0100624|-0.943823
0.0126296|-0.93064
0.0152289|-0.91746
0.0178461|-0.904286
0.0204662|-0.891114
0.023082|-0.877939
0.0256899|-0.864758
0.0282919|-0.851576
0.0308922|-0.838394
0.033495|-0.825211
0.0361031|-0.812028
0.0387163|-0.798846
0.0413325|-0.785664
0.0438192|-0.773161
0.0460065|-0.761298
0.0478702|-0.749374
0.049419|-0.737404
0.0506671|-0.725382
0.0516389|-0.713321
0.0523258|-0.701242
0.0527221|-0.689152
0.0527952|-0.675715
0.0529033|-0.662283
0.0530265|-0.648853
0.0531461|-0.635419
0.0532518|-0.621981
0.0533427|-0.608543
0.053425|-0.595107
0.0535064|-0.581671
0.0535928|-0.568232
0.0536864|-0.554793
0.053786|-0.541355
0.0538884|-0.527916
0.0539903|-0.514478
0.05409|-0.501038
0.0541871|-0.487599
0.0542827|-0.47416
0.0543779|-0.460721
0.0544739|-0.447282
0.054571|-0.433842
0.0546691|-0.420403
0.0547676|-0.406963
0.0548661|-0.393524
0.0549641|-0.380084
0.0550618|-0.366645
0.0551592|-0.353206
0.0552565|-0.339766
0.0553538|-0.326327
0.0554514|-0.312887
0.0555491|-0.299448
0.0556469|-0.286008
0.0557447|-0.272569
0.0558424|-0.259129
0.05594|-0.24569
0.0560376|-0.23225
0.0561352|-0.218811
0.0562327|-0.205372
0.0563303|-0.191932
0.056428|-0.178493
0.0565256|-0.165053
0.0566232|-0.151614
0.0567208|-0.138174
0.0568184|-0.124735
0.056916|-0.111295
0.0570136|-0.097856
0.0571112|-0.0844166
0.0572087|-0.0709771
0.0573063|-0.0575377
