0.1326|0.1326
0.1326|0.1326
0.1326|0.1326
0.1326|0.1326
0.1326|0.1326
0.1326|0.1326
0.1326|0.1326
0.1326|0.1326
0.1326|0.1326
0.1326|0.1326
0.1326|0.1326
0.1326|0.1326
0.1326|0.1326
0.1326|0.1326
0.1326|0.1326
0.1326|0.1326
0.1326|0.1326
0.1326|0.1326
0.1326|0.1326
0.1326|0.1326
0.1326|0.1326
0.1326|0.1326
0.1326|0.1326
0.1326|0.1326
0.1326|0.1326
0.1326|0.1326
0.1326|0.1326
0.1326|0.1326
0.1326|0.1326
0.1326|0.1326
0.1326|0.1326
0.1326|0.1326
0.1326|0.1326
0.1326|0.1326
0.1326|0.1326
0.1326|0.1326
0.1326|0.1326
0.26724|0.26724
0.53448|0.53448
0.93432|0.93432
1.4688|1.4688
2.10936|2.10936
2.74992|2.74992
3.38844|3.38844
4.029|4.029
4.66956|4.66956
5.31012|5.31012
5.94864|5.94864
6.5892|6.5892
7.22976|7.22976
7.87032|7.87032
8.50884|8.50884
9.1494|9.1494
9.78996|9.78996
10.4285|10.4285
11.069|11.069
11.7096|11.7096
12.3502|12.3502
12.9887|12.9887
13.6292|13.6292
14.2698|14.2698
14.9104|14.9104
15.5489|15.5489
16.1894|16.1894
16.83|16.83
17.4685|17.4685
18.1091|18.1091
18.7496|18.7496
19.3902|19.3902
20.0287|20.0287
20.6693|20.6693
21.3098|21.3098
21.9504|21.9504
22.5889|22.5889
23.2295|23.2295
23.87|23.87
24.5086|24.5086
25.1491|25.1491
25.7897|25.7897
26.4302|26.4302
27.0688|27.0688
27.7093|27.7093
28.3499|28.3499
28.9884|28.9884
29.629|29.629
30.2695|30.2695
30.9101|30.9101
31.5486|31.5486
32.1892|32.1892
32.8297|32.8297
33.4703|33.4703
34.1088|34.1088
34.7494|34.7494
35.3899|35.3899
36.0284|36.0284
36.669|36.669
37.3096|37.3096
37.9501|37.9501
38.5886|38.5886
39.2292|39.2292
39.8698|39.8698
40.5103|40.5103
41.1488|41.1488
41.7894|41.7894
42.43|42.43
43.0685|43.0685
43.709|43.709
44.3496|44.3496
44.9902|44.9902
45.6287|45.6287
46.2692|46.2692
46.9098|46.9098
47.5504|47.5504
48.1889|48.1889
48.8294|48.8294
49.47|49.47
50.1085|50.1085
50.7491|50.7491
51.3896|51.3896
52.0302|52.0302
52.6687|52.6687
53.3093|53.3093
53.9498|53.9498
54.5904|54.5904
55.2289|55.2289
55.8695|55.8695
56.51|56.51
57.1486|57.1486
57.7891|57.7891
58.4297|58.4297
59.0702|59.0702
59.7088|59.7088
60.3493|60.3493
60.9899|60.9899
61.6284|61.6284
62.269|62.269
62.9095|62.9095
63.5501|63.5501
64.1886|64.1886
64.8292|64.8292
65.4697|65.4697
66.1103|66.1103
66.7488|66.7488
67.3894|67.3894
68.0299|68.0299
68.6684|68.6684
69.309|69.309
69.9496|69.9496
70.5901|70.5901
71.2286|71.2286
71.8692|71.8692
72.5098|72.5098
73.1503|73.1503
73.7888|73.7888
74.4294|74.4294
75.07|75.07
75.7085|75.7085
76.349|76.349
76.9896|76.9896
77.6302|77.6302
78.2687|78.2687
78.9092|78.9092
79.5498|79.5498
80.1904|80.1904
80.8289|80.8289
81.4694|81.4694
82.11|82.11
82.7485|82.7485
83.3891|83.3891
84.0296|84.0296
84.6702|84.6702
85.3087|85.3087
85.9493|85.9493
86.5898|86.5898
87.2304|87.2304
87.8689|87.8689
88.5095|88.5095
89.15|89.15
89.7886|89.7886
90.4291|90.4291
91.0697|91.0697
91.7102|91.7102
92.3488|92.3488
92.9893|92.9893
93.6299|93.6299
94.2684|94.2684
94.909|94.909
95.5495|95.5495
96.1901|96.1901
96.8286|96.8286
97.4692|97.4692
98.1097|98.1097
98.7503|98.7503
99.3888|99.3888
100.029|100.029
100.67|100.67
101.308|101.308
101.949|101.949
102.59|102.59
103.23|103.23
103.869|103.869
104.509|104.509
105.15|105.15
105.79|105.79
106.429|106.429
107.069|107.069
107.71|107.71
108.348|108.348
108.989|108.989
109.63|109.63
110.27|110.27
110.909|110.909
111.549|111.549
112.19|112.19
112.83|112.83
113.469|113.469
114.109|114.109
114.75|114.75
115.389|115.389
116.029|116.029
116.67|116.67
117.31|117.31
117.949|117.949
118.589|118.589
119.23|119.23
119.87|119.87
120.509|120.509
121.149|121.149
121.79|121.79
122.429|122.429
123.069|123.069
123.71|123.71
124.35|124.35
124.989|124.989
125.629|125.629
126.27|126.27
126.908|126.908
127.549|127.549
128.19|128.19
128.83|128.83
129.469|129.469
130.109|130.109
130.75|130.75
131.39|131.39
132.029|132.029
132.669|132.669
133.31|133.31
133.948|133.948
134.589|134.589
135.23|135.23
135.87|135.87
136.509|136.509
137.149|137.149
137.79|137.79
138.43|138.43
139.069|139.069
139.709|139.709
140.35|140.35
140.988|140.988
141.629|141.629
142.27|142.27
142.91|142.91
143.549|143.549
144.189|144.189
144.83|144.83
145.405|145.468
145.917|146.109
146.366|146.749
146.749|147.388
147.068|148.026
147.325|148.665
147.58|149.304
147.835|149.942
148.09|150.581
148.347|151.219
148.602|151.858
148.857|152.496
149.112|153.135
149.369|153.771
149.624|154.41
149.879|155.048
150.136|155.687
150.391|156.325
150.646|156.964
150.901|157.602
151.158|158.241
151.413|158.879
151.668|159.518
151.923|160.156
152.18|160.795
152.435|161.433
152.825|162.072
153.347|162.712
153.987|163.351
154.628|163.992
155.266|164.632
155.907|165.273
156.548|165.911
157.188|166.552
157.827|167.192
158.467|167.831
159.108|168.408
159.746|168.92
160.387|169.367
161.025|169.75
161.666|170.071
162.304|170.391
162.943|170.709
163.581|171.03
164.22|171.35
164.861|171.668
165.499|171.988
166.138|172.309
166.778|172.761
167.417|173.349
168.057|173.988
168.698|174.628
169.338|175.269
169.977|175.909
170.617|176.548
171.258|177.188
171.897|177.829
172.537|178.469
173.178|179.108
173.818|179.748
174.457|180.389
175.097|181.028
175.673|181.668
176.25|182.309
176.825|182.949
177.4|183.588
177.978|184.228
178.553|184.869
179.128|185.507
179.706|186.148
180.281|186.789
180.856|187.427
181.434|188.068
182.009|188.708
182.584|189.349
183.161|189.987
183.737|190.628
184.312|191.268
184.889|191.907
185.465|192.547
186.04|193.188
186.617|193.827
187.192|194.467
187.768|195.108
188.345|195.748
188.92|196.387
189.496|197.027
190.073|197.668
190.648|198.306
191.223|198.947
191.864|199.587
192.505|200.228
193.145|200.867
193.784|201.507
194.424|202.148
195.065|202.786
195.703|203.427
196.344|204.067
196.984|204.708
197.625|205.346
198.264|205.987
198.904|206.628
199.545|207.268
200.185|207.907
200.824|208.547
201.464|209.188
202.105|209.826
202.743|210.467
203.384|211.107
204.024|211.748
204.665|212.386
205.304|213.027
205.944|213.668
206.585|214.308
207.223|214.947
207.864|215.587
208.504|216.228
209.145|216.866
209.783|217.507
210.424|218.147
211.065|218.788
211.705|219.426
212.344|220.067
212.984|220.708
213.625|221.346
214.263|221.987
214.904|222.627
215.544|223.268
216.185|223.906
216.823|224.547
217.464|225.187
218.105|225.828
218.745|226.467
219.384|227.107
220.024|227.748
220.665|228.386
221.303|229.027
221.944|229.667
222.584|230.308
223.225|230.946
223.863|231.587
224.504|232.227
225.145|232.868
225.785|233.507
226.424|234.147
227.064|234.788
227.705|235.426
228.343|236.067
228.984|236.707
229.624|237.348
230.265|237.986
230.904|238.627
231.544|239.268
232.185|239.908
232.825|240.547
233.464|241.187
234.104|241.828
234.745|242.466
235.383|243.107
236.024|243.747
236.664|244.388
237.305|245.026
237.944|245.667
238.584|246.308
239.225|246.948
239.863|247.587
240.504|248.227
241.144|248.868
241.785|249.506
242.423|250.147
243.064|250.787
243.705|251.428
244.345|252.066
244.984|252.707
245.624|253.348
246.265|253.986
246.903|254.627
247.544|255.267
248.184|255.908
248.825|256.546
249.463|257.187
250.104|257.827
250.745|258.468
251.385|259.107
252.024|259.747
252.664|260.388
253.305|261.026
253.943|261.667
254.584|262.307
255.224|262.948
255.865|263.586
256.503|264.227
257.144|264.867
257.785|265.508
258.425|266.147
259.064|266.787
259.704|267.428
260.345|268.066
260.983|268.707
261.624|269.347
262.264|269.988
262.905|270.626
263.544|271.267
264.184|271.908
264.825|272.548
265.465|273.187
266.104|273.827
266.744|274.468
267.385|275.106
268.023|275.747
268.664|276.387
269.304|277.028
269.945|277.666
270.584|278.307
271.224|278.948
271.865|279.588
272.503|280.227
273.144|280.867
273.784|281.508
274.425|282.146
275.063|282.787
275.704|283.427
276.345|284.068
276.985|284.706
277.624|285.347
278.264|285.988
278.905|286.626
279.543|287.267
280.184|287.907
280.824|288.548
281.465|289.186
282.103|289.827
282.744|290.467
283.385|291.108
284.025|291.747
284.664|292.387
285.304|293.028
285.945|293.666
286.583|294.307
287.224|294.947
287.864|295.588
288.505|296.226
289.143|296.867
289.784|297.507
290.425|298.148
291.065|298.787
291.704|299.427
292.344|300.068
292.985|300.706
293.623|301.347
294.264|301.987
294.904|302.628
295.545|303.266
296.184|303.907
296.824|304.548
297.465|305.188
298.105|305.827
298.744|306.467
299.384|307.108
300.025|307.746
300.663|308.387
301.304|309.027
301.944|309.668
302.585|310.306
303.224|310.947
303.864|311.588
304.505|312.228
305.143|312.867
305.784|313.507
306.424|314.148
307|314.786
307.512|315.427
307.96|316.067
308.344|316.706
308.662|317.344
308.982|317.983
309.303|318.624
309.621|319.262
309.941|319.901
310.262|320.539
310.58|321.178
310.9|321.816
311.22|322.457
311.539|323.095
311.859|323.734
312.179|324.372
312.497|325.011
312.818|325.649
313.136|326.29
313.456|326.928
313.776|327.567
314.095|328.205
314.415|328.844
314.735|329.482
315.054|330.121
315.374|330.762
315.827|331.4
316.414|332.041
317.055|332.681
317.695|333.32
318.334|333.96
318.974|334.601
319.615|335.241
320.253|335.88
320.894|336.52
321.535|337.161
322.175|337.8
322.814|338.44
323.454|339.081
324.095|339.721
324.733|340.36
325.374|341
326.014|341.641
326.655|342.281
327.294|342.92
327.934|343.56
328.575|344.201
329.215|344.84
329.854|345.48
330.494|346.121
331.135|346.761
331.773|347.4
332.414|348.04
333.054|348.681
333.695|349.321
334.334|349.96
334.974|350.601
335.615|351.241
336.255|351.88
336.894|352.52
337.534|353.161
338.175|353.801
338.813|354.44
339.454|355.08
340.095|355.721
340.735|356.361
341.374|357
342.014|357.641
342.655|358.281
343.295|358.92
343.934|359.56
344.574|360.201
345.215|360.841
345.853|361.48
346.494|362.12
347.135|362.761
347.775|363.399
348.414|364.04
349.054|364.681
349.695|365.321
350.335|365.96
350.974|366.6
351.614|367.241
352.255|367.881
352.893|368.52
353.534|369.16
354.175|369.801
354.815|370.44
355.454|371.08
356.094|371.721
356.735|372.361
357.373|373
358.014|373.64
358.654|374.281
359.295|374.921
359.934|375.56
360.574|376.2
361.215|376.841
361.855|377.48
362.494|378.12
363.134|378.761
363.775|379.401
364.413|380.04
365.054|380.68
365.694|381.321
366.335|381.961
366.974|382.6
367.551|383.241
368.063|383.881
368.51|384.52
368.958|385.16
369.405|385.799
369.854|386.439
370.301|387.078
370.75|387.718
371.331|388.359
371.97|388.997
372.61|389.638
373.251|390.279
373.891|390.917
374.53|391.494
375.17|392.006
375.809|392.453
376.449|392.837
377.088|393.157
377.726|393.412
378.365|393.667
379.003|393.924
379.642|394.179
380.28|394.434
380.919|394.691
381.558|394.946
382.196|395.201
382.835|395.456
383.473|395.846
384.114|396.37
384.752|397.008
385.393|397.649
386.033|398.29
386.672|398.93
387.249|399.569
387.761|400.209
388.208|400.848
388.591|401.488
388.912|402.127
389.167|402.765
389.422|403.404
389.679|404.042
389.934|404.681
390.189|405.319
390.444|405.956
390.701|406.594
390.956|407.233
391.211|407.871
391.468|408.51
391.855|409.151
392.38|409.789
393.02|410.43
393.659|411.07
394.299|411.709
394.94|412.349
395.578|412.99
396.219|413.63
396.86|414.269
397.5|414.909
398.139|415.55
398.779|416.189
399.42|416.829
400.06|417.47
400.699|418.11
401.339|418.749
401.98|419.389
402.618|420.03
403.259|420.67
403.9|421.309
404.54|421.886
405.179|422.398
405.819|422.908
406.46|423.42
407.098|423.932
407.739|424.444
408.377|424.956
409.018|425.597
409.659|426.238
410.299|426.876
410.938|427.517
411.578|428.157
412.219|428.796
412.859|429.436
413.498|430.077
414.138|430.717
414.779|431.356
415.417|431.997
416.058|432.637
416.699|433.278
417.339|433.916
417.978|434.557
418.618|435.197
419.259|435.836
419.899|436.476
420.538|437.117
421.178|437.757
421.819|438.396
422.457|439.037
423.098|439.677
423.739|440.318
424.379|440.956
425.018|441.534
425.658|442.044
426.299|442.556
426.937|443.068
427.578|443.58
428.218|444.092
428.857|444.604
429.498|445.116
430.138|445.756
430.777|446.395
431.417|447.035
432.058|447.676
432.696|448.317
433.337|448.955
433.977|449.596
434.618|450.236
435.256|450.877
435.897|451.515
436.538|452.156
437.176|452.796
437.817|453.435
438.457|454.075
439.098|454.716
439.736|455.357
440.377|455.995
441.017|456.636
441.658|457.276
442.296|457.917
442.937|458.555
443.578|459.196
444.216|459.836
444.857|460.475
445.497|461.115
446.138|461.756
446.776|462.397
447.417|463.035
448.057|463.676
448.698|464.316
449.337|464.957
449.977|465.595
450.618|466.236
451.256|466.876
451.897|467.515
452.537|468.156
453.178|468.796
453.816|469.437
454.457|470.075
455.097|470.716
455.738|471.356
456.377|471.995
457.017|472.635
457.658|473.276
458.296|473.916
458.937|474.555
459.577|475.196
460.218|475.836
460.856|476.477
461.497|477.115
462.138|477.756
462.778|478.396
463.417|479.035
464.057|479.675
464.698|480.316
465.336|480.957
465.977|481.595
466.617|482.236
467.258|482.876
467.896|483.517
468.537|484.155
469.178|484.796
469.816|485.436
470.457|486.075
471.097|486.715
471.738|487.356
472.376|487.997
473.017|488.635
473.657|489.276
474.298|489.916
474.936|490.557
475.577|491.195
476.218|491.836
476.856|492.476
477.497|493.115
478.137|493.755
478.778|494.396
479.416|495.037
480.057|495.675
480.697|496.316
481.338|496.956
481.977|497.597
482.617|498.235
483.258|498.876
483.896|499.516
484.537|500.155
485.177|500.796
485.818|501.436
486.456|502.077
487.097|502.715
487.737|503.356
488.378|503.996
489.017|504.635
489.657|505.275
490.298|505.916
490.936|506.556
491.577|507.195
492.217|507.836
492.858|508.476
493.496|509.117
494.137|509.755
494.778|510.396
495.418|511.036
496.057|511.675
496.697|512.315
497.338|512.956
497.976|513.597
498.617|514.235
499.257|514.876
499.898|515.516
500.536|516.157
501.177|516.795
501.818|517.436
502.456|518.076
503.097|518.715
503.737|519.355
504.378|519.996
505.016|520.637
505.657|521.275
506.297|521.916
506.938|522.556
507.576|523.197
508.217|523.835
508.858|524.476
509.496|525.116
510.137|525.755
510.777|526.395
511.418|527.036
512.056|527.677
512.697|528.315
513.337|528.956
513.978|529.596
514.617|530.237
515.257|530.875
515.898|531.516
516.536|532.156
517.177|532.795
517.817|533.436
518.458|534.076
519.096|534.717
519.737|535.355
520.377|535.996
521.018|536.636
521.657|537.275
522.297|537.915
522.938|538.556
523.576|539.196
524.217|539.835
524.857|540.476
525.498|541.116
526.136|541.757
526.777|542.395
527.418|543.036
528.058|543.676
528.697|544.315
529.337|544.955
529.978|545.596
530.616|546.237
531.257|546.875
531.897|547.516
532.538|548.156
533.176|548.797
533.817|549.435
534.458|550.076
535.096|550.716
535.737|551.355
536.377|551.995
537.018|552.636
537.656|553.277
538.297|553.915
538.937|554.556
539.578|555.196
540.216|555.837
540.857|556.475
541.498|557.116
542.136|557.756
542.777|558.395
543.417|559.035
544.058|559.676
544.696|560.317
545.337|560.955
545.977|561.596
546.618|562.236
547.257|562.877
547.897|563.515
548.538|564.156
549.176|564.796
549.817|565.435
550.457|566.076
551.098|566.716
551.736|567.357
552.377|567.995
553.017|568.636
553.658|569.276
554.297|569.915
554.937|570.555
555.578|571.196
556.216|571.836
556.857|572.475
557.497|573.116
558.138|573.756
558.776|574.397
559.417|575.035
560.058|575.676
560.698|576.316
561.337|576.955
561.977|577.595
562.618|578.236
563.256|578.877
563.897|579.515
564.537|580.156
565.178|580.796
565.816|581.437
566.457|582.075
567.098|582.716
567.736|583.356
568.377|583.995
569.017|584.635
569.658|585.276
570.296|585.917
570.937|586.555
571.577|587.196
572.218|587.836
572.856|588.477
573.497|589.115
574.138|589.756
574.776|590.396
575.417|591.035
576.057|591.675
576.698|592.316
577.336|592.957
577.977|593.595
578.617|594.236
579.258|594.876
579.897|595.517
580.537|596.155
581.178|596.796
581.816|597.436
582.457|598.075
583.097|598.716
583.738|599.356
584.376|599.997
585.017|600.635
585.657|601.276
586.298|601.916
586.937|602.555
587.577|603.195
588.218|603.836
588.856|604.476
589.497|605.115
590.137|605.756
590.778|606.396
591.416|607.037
592.057|607.675
592.698|608.316
593.338|608.956
593.977|609.595
594.617|610.235
595.258|610.876
595.896|611.517
596.537|612.155
597.177|612.796
597.818|613.436
598.456|614.077
599.097|614.715
599.738|615.356
600.376|615.996
601.017|616.635
601.657|617.275
602.298|617.916
602.936|618.557
603.577|619.195
604.217|619.836
604.858|620.476
605.496|621.117
606.137|621.755
606.778|622.396
607.416|623.036
608.057|623.675
608.697|624.315
609.338|624.956
609.976|625.597
610.617|626.235
611.257|626.876
611.898|627.516
612.537|628.157
613.177|628.795
613.818|629.436
614.456|630.076
615.097|630.715
615.737|631.356
616.378|631.996
617.016|632.637
617.657|633.275
618.297|633.916
618.938|634.556
619.577|635.195
620.217|635.835
620.858|636.476
621.496|637.116
622.137|637.755
622.777|638.396
623.418|639.036
624.056|639.677
624.697|640.315
625.338|640.956
625.978|641.596
626.617|642.235
627.257|642.875
627.898|643.516
628.536|644.157
629.177|644.795
629.817|645.436
630.458|646.076
631.096|646.717
631.737|647.355
632.378|647.996
633.016|648.636
633.657|649.275
634.297|649.915
634.938|650.556
635.576|651.197
636.217|651.835
636.857|652.476
637.498|653.116
638.136|653.757
638.777|654.395
639.418|655.036
640.056|655.676
640.697|656.315
641.337|656.955
641.978|657.596
642.616|658.237
643.257|658.875
643.897|659.516
644.538|660.156
645.177|660.797
645.817|661.435
646.458|662.076
647.033|662.716
647.545|663.355
647.992|663.996
648.441|664.634
648.887|665.275
649.336|665.913
649.783|666.554
650.232|667.194
650.678|667.833
651.127|668.473
651.574|669.112
652.023|669.752
652.47|670.391
652.918|671.031
653.365|671.67
653.814|672.311
654.261|672.949
654.709|673.59
655.156|674.228
655.605|674.869
656.052|675.507
656.501|676.148
656.947|676.786
657.396|677.427
657.843|678.065
658.292|678.706
658.738|679.344
659.185|679.985
659.634|680.624
660.081|681.264
660.53|681.903
660.976|682.543
661.425|683.182
661.872|683.822
662.321|684.463
662.767|685.101
663.216|685.742
663.663|686.38
664.112|687.021
664.559|687.66
665.14|688.3
665.781|688.939
666.421|689.579
667.06|690.22
667.7|690.86
668.341|691.499
668.981|692.139
669.62|692.78
670.26|693.42
670.901|694.059
671.539|694.7
672.18|695.34
672.821|695.979
673.461|696.619
674.1|697.26
674.74|697.9
675.381|698.539
676.021|699.179
676.66|699.82
677.3|700.461
677.941|701.099
678.579|701.74
679.22|702.38
679.861|703.019
680.501|703.659
681.14|704.3
681.78|704.94
682.421|705.579
683.059|706.219
683.7|706.86
684.34|707.501
684.981|708.139
685.62|708.78
686.26|709.42
686.901|710.059
687.541|710.699
688.18|711.34
688.82|711.98
689.396|712.619
689.908|713.259
690.356|713.898
690.74|714.539
691.123|715.177
691.507|715.818
691.89|716.456
692.409|717.097
693.047|717.735
693.688|718.376
694.328|719.016
694.969|719.657
695.607|720.295
696.248|720.873
696.888|721.385
697.527|721.832
698.168|722.215
698.806|722.535
699.445|722.79
700.083|723.045
700.722|723.302
701.36|723.557
701.999|723.812
702.637|724.069
703.276|724.324
703.914|724.714
704.553|725.236
705.193|725.877
705.834|726.517
706.474|727.156
707.113|727.797
707.754|728.437
708.394|729.076
709.035|729.716
709.61|730.357
710.122|730.995
710.569|731.636
710.952|732.274
711.273|732.915
711.528|733.553
711.785|734.19
712.04|734.828
712.295|735.467
712.55|736.105
712.807|736.744
713.196|737.382
713.718|738.023
714.359|738.664
714.998|739.304
715.638|739.943
716.279|740.583
716.919|741.224
717.558|741.862
718.198|742.503
718.839|743.143
719.479|743.784
720.118|744.423
720.759|745.063
721.399|745.704
722.038|746.344
722.678|746.983
723.319|747.623
723.959|748.264
724.598|748.902
725.238|749.543
725.879|750.183
726.519|750.824
727.158|751.463
727.799|752.04
728.439|752.552
729.078|753.064
729.718|753.574
730.359|754.086
730.997|754.598
731.638|755.11
732.278|755.751
732.917|756.391
733.557|757.03
734.198|757.67
734.837|758.311
735.477|758.951
736.118|759.59
736.758|760.23
737.397|760.871
738.037|761.51
738.678|762.15
739.318|762.791
739.957|763.431
740.598|764.07
741.238|764.71
741.877|765.351
742.517|765.991
743.158|766.63
743.798|767.271
744.437|767.911
745.077|768.55
745.718|769.19
746.358|769.831
746.997|770.471
747.638|771.11
748.278|771.75
748.917|772.391
749.557|773.031
750.198|773.67
750.838|774.311
751.477|774.951
752.117|775.59
752.758|776.23
753.396|776.871
754.037|777.511
754.678|778.15
755.318|778.79
755.957|779.431
756.597|780.072
757.238|780.647
757.878|781.222
758.517|781.799
759.157|782.375
759.798|782.95
760.437|783.527
761.077|784.103
761.718|784.678
762.356|785.318
762.997|785.959
763.637|786.597
764.278|787.238
764.916|787.879
765.557|788.519
766.197|789.158
766.838|789.798
767.477|790.439
768.117|791.077
768.758|791.655
769.396|792.167
770.037|792.679
770.677|793.191
771.316|793.701
771.956|794.213
772.597|794.725
773.172|795.237
773.684|795.749
774.131|796.261
774.58|796.773
775.029|797.285
775.475|797.797
775.924|798.309
776.371|798.821
776.82|799.333
777.269|799.845
777.715|800.357
778.164|800.869
778.611|801.381
779.06|801.893
779.508|802.405
779.955|802.917
780.404|803.43
780.851|803.942
781.3|804.454
781.748|804.966
782.195|805.478
782.644|805.99
783.091|806.5
783.54|807.012
783.988|807.524
784.57|808.164
785.208|808.805
785.849|809.445
786.489|810.084
787.128|810.725
787.768|811.365
788.409|812.004
789.05|812.644
789.688|813.285
790.329|813.925
790.969|814.564
791.61|815.204
792.248|815.845
792.889|816.486
793.529|817.124
794.168|817.765
794.808|818.405
795.449|819.044
796.09|819.684
796.728|820.325
797.369|820.965
798.009|821.604
798.65|822.244
799.288|822.885
799.929|823.526
800.569|824.164
801.208|824.805
801.849|825.445
802.489|826.084
803.13|826.724
803.768|827.365
804.409|828.005
805.049|828.644
805.625|829.284
806.137|829.925
806.649|830.564
807.161|831.204
807.673|831.845
808.185|832.483
808.823|833.124
809.464|833.764
810.104|834.403
810.745|835.043
811.383|835.684
812.024|836.325
812.665|836.9
813.303|837.412
813.944|837.859
814.582|838.242
815.223|838.562
815.861|838.883
816.5|839.201
817.138|839.521
817.779|839.841
818.417|840.16
819.056|840.48
819.694|840.8
820.333|841.119
820.974|841.573
821.612|842.159
822.253|842.799
822.893|843.44
823.468|844.081
823.98|844.719
824.429|845.36
824.813|845.998
825.131|846.637
825.386|847.275
825.643|847.914
825.898|848.552
826.153|849.191
826.408|849.829
826.665|850.468
826.92|851.106
827.175|851.745
827.432|852.383
827.82|853.022
828.344|853.662
828.985|854.301
829.623|854.942
830.264|855.582
830.904|856.221
831.545|856.861
832.183|857.502
832.824|858.142
833.464|858.781
834.103|859.421
834.744|860.062
835.384|860.637
836.023|861.149
836.663|861.661
837.304|862.173
837.942|862.685
838.583|863.197
839.223|863.709
839.862|864.222
840.502|864.734
841.143|865.244
841.782|865.756
842.422|866.268
843.061|866.78
843.701|867.292
844.342|867.804
844.98|868.316
845.621|868.828
846.261|869.34
846.9|869.852
847.54|870.364
848.181|871.002
848.82|871.643
849.46|872.284
850.101|872.922
850.741|873.563
851.38|874.203
852.02|874.844
852.661|875.482
853.299|876.123
853.94|876.763
854.58|877.404
855.221|878.043
855.86|878.683
856.5|879.324
857.141|879.962
857.781|880.603
858.42|881.243
859.06|881.884
859.701|882.522
860.339|883.163
860.98|883.803
861.621|884.444
862.261|885.083
862.9|885.723
863.54|886.364
864.181|887.002
864.756|887.643
865.331|888.283
865.909|888.924
866.484|889.562
867.061|890.203
867.636|890.844
868.212|891.482
868.789|892.123
869.428|892.763
870.068|893.404
870.709|894.042
871.347|894.683
871.988|895.323
872.628|895.962
873.269|896.602
873.907|897.243
874.548|897.884
875.189|898.522
875.827|899.163
876.468|899.803
877.108|900.442
877.749|901.082
878.387|901.723
879.028|902.363
879.668|903.002
880.309|903.642
880.947|904.283
881.525|904.924
882.037|905.562
882.484|906.203
882.867|906.841
883.187|907.48
883.506|908.12
883.826|908.759
884.146|909.397
884.464|910.036
884.785|910.674
885.105|911.313
885.423|911.953
885.744|912.592
886.064|913.23
886.382|913.869
886.702|914.508
887.155|915.148
887.743|915.789
888.383|916.427
889.022|917.068
889.662|917.708
890.303|918.347
890.943|918.987
891.582|919.628
892.223|920.268
892.863|920.907
893.504|921.548
894.142|922.188
894.783|922.829
895.423|923.467
896.062|924.108
896.702|924.748
897.343|925.324
897.981|925.836
898.622|926.282
899.263|926.731
899.901|927.178
900.542|927.627
901.18|928.074
901.821|928.522
902.459|928.969
903.1|929.418
903.738|929.801
904.377|930.12
905.015|930.377
905.654|930.632
906.292|930.887
906.931|931.142
907.569|931.399
908.208|931.654
908.847|932.043
909.487|932.566
910.126|933.206
910.766|933.847
911.407|934.485
912.047|935.126
912.686|935.766
913.326|936.407
913.967|937.045
914.607|937.686
915.246|938.327
915.887|938.965
916.527|939.606
917.166|940.246
917.743|940.887
918.255|941.525
918.702|942.166
919.085|942.804
919.469|943.445
919.852|944.083
920.236|944.722
920.621|945.363
921.005|946.001
921.521|946.642
922.162|947.282
922.802|947.921
923.443|948.561
924.081|949.202
924.722|949.84
925.362|950.481
926.001|951.121
926.641|951.762
927.282|952.401
927.923|953.041
928.561|953.682
929.202|954.322
929.842|954.961
930.483|955.601
931.121|956.242
931.762|956.88
932.402|957.521
933.041|958.161
933.681|958.802
934.322|959.441
934.963|960.081
935.601|960.722
936.242|961.362
936.882|962.001
937.521|962.641
938.161|963.282
938.802|963.92
939.442|964.561
940.081|965.202
940.722|965.842
941.362|966.481
942.003|967.121
942.641|967.762
943.282|968.402
943.922|969.041
944.561|969.681
945.201|970.322
945.842|970.96
946.482|971.601
947.121|972.242
947.762|972.882
948.402|973.521
949.043|974.161
949.681|974.802
950.322|975.442
950.962|976.081
951.601|976.721
952.241|977.362
952.882|978
953.523|978.641
954.161|979.282
954.802|979.922
955.442|980.561
956.083|981.201
956.721|981.842
957.362|982.48
958.002|983.121
958.641|983.761
959.281|984.402
959.922|985.041
960.563|985.681
961.201|986.322
961.842|986.962
962.482|987.601
963.123|988.241
963.761|988.882
964.402|989.52
965.042|990.161
965.681|990.801
966.321|991.442
966.962|992.081
967.603|992.721
968.241|993.362
968.882|994.002
969.522|994.641
970.161|995.281
970.801|995.922
971.442|996.56
972.082|997.201
972.721|997.842
973.362|998.482
974.002|999.121
974.643|999.761
975.281|1000.4
975.922|1001.04
976.562|1001.68
977.201|1002.32
977.841|1002.96
978.482|1003.6
979.122|1004.24
979.761|1004.88
980.402|1005.52
981.042|1006.16
981.683|1006.8
982.321|1007.44
982.962|1008.08
983.602|1008.72
984.241|1009.36
984.881|1010
985.522|1010.64
986.163|1011.28
986.801|1011.92
987.442|1012.56
988.082|1013.2
988.723|1013.84
989.361|1014.48
990.002|1015.12
990.642|1015.76
991.281|1016.4
991.921|1017.04
992.562|1017.68
993.203|1018.32
993.841|1018.96
994.482|1019.6
995.122|1020.24
995.763|1020.88
996.401|1021.52
997.042|1022.16
997.682|1022.8
998.321|1023.44
998.961|1024.08
999.602|1024.72
1000.24|1025.36
1000.88|1026
1001.52|1026.64
1002.16|1027.28
1002.8|1027.92
1003.44|1028.56
1004.08|1029.2
1004.72|1029.84
1005.36|1030.48
1006|1031.12
1006.64|1031.76
1007.28|1032.4
1007.92|1033.04
1008.56|1033.68
1009.2|1034.32
1009.84|1034.96
1010.48|1035.6
1011.12|1036.24
1011.76|1036.88
1012.4|1037.52
1013.04|1038.16
1013.68|1038.8
1014.32|1039.44
1014.96|1040.08
1015.6|1040.72
1016.24|1041.36
1016.88|1042
1017.52|1042.64
1018.16|1043.28
1018.8|1043.92
1019.44|1044.56
1020.08|1045.2
1020.72|1045.84
1021.36|1046.48
1022|1047.12
1022.64|1047.76
1023.28|1048.4
1023.92|1049.04
1024.56|1049.68
1025.2|1050.32
1025.84|1050.96
1026.48|1051.6
1027.12|1052.24
1027.76|1052.88
1028.4|1053.52
1029.04|1054.16
1029.62|1054.8
1030.13|1055.44
1030.58|1056.08
1030.96|1056.72
1031.28|1057.36
1031.6|1058
1031.92|1058.64
1032.24|1059.28
1032.56|1059.91
1032.88|1060.55
1033.2|1061.19
1033.52|1061.83
1033.84|1062.47
1034.16|1063.11
1034.48|1063.75
1034.8|1064.39
1035.11|1065.02
1035.43|1065.66
1035.75|1066.3
1036.07|1066.94
1036.39|1067.58
1036.71|1068.22
1037.03|1068.86
1037.35|1069.5
1037.81|1070.14
1038.39|1070.78
1039.03|1071.42
1039.67|1072.06
1040.31|1072.7
1040.95|1073.34
1041.59|1073.98
1042.23|1074.62
1042.87|1075.26
1043.51|1075.9
1044.15|1076.54
1044.79|1077.18
1045.43|1077.82
1046.07|1078.46
1046.71|1079.1
1047.35|1079.74
1047.99|1080.38
1048.63|1081.02
1049.27|1081.66
1049.91|1082.23
1050.55|1082.74
1051.19|1083.26
1051.83|1083.77
1052.47|1084.28
1053.11|1084.79
1053.75|1085.3
1054.39|1085.82
1055.03|1086.46
1055.67|1087.1
1056.31|1087.74
1056.95|1088.37
1057.59|1089.02
1058.23|1089.66
1058.87|1090.3
1059.51|1090.93
1060.15|1091.58
1060.79|1092.22
1061.43|1092.86
1062.07|1093.5
1062.71|1094.14
1063.35|1094.78
1063.99|1095.41
1064.63|1096.06
1065.27|1096.7
1065.91|1097.34
1066.55|1097.97
1067.19|1098.62
1067.83|1099.26
1068.47|1099.9
1069.11|1100.54
1069.75|1101.18
1070.39|1101.82
1071.03|1102.45
1071.67|1103.1
1072.31|1103.74
1072.95|1104.38
1073.59|1105.01
1074.23|1105.66
1074.87|1106.3
1075.51|1106.94
1076.15|1107.58
1076.79|1108.22
1077.43|1108.86
1078.07|1109.49
1078.71|1110.14
1079.35|1110.78
1079.99|1111.42
1080.63|1112.06
1081.27|1112.7
1081.91|1113.34
1082.55|1113.97
1083.19|1114.62
1083.83|1115.26
1084.47|1115.9
1085.11|1116.53
1085.75|1117.18
1086.39|1117.82
1087.03|1118.46
1087.67|1119.1
1088.31|1119.74
1088.95|1120.38
1089.59|1121.01
1090.23|1121.66
1090.87|1122.3
1091.51|1122.94
1092.15|1123.57
1092.79|1124.22
1093.43|1124.86
1094.01|1125.5
1094.58|1126.14
1095.16|1126.78
1095.74|1127.42
1096.31|1128.05
1096.89|1128.7
1097.46|1129.34
1098.04|1129.97
1098.62|1130.61
1099.26|1131.26
1099.89|1131.9
1100.54|1132.53
1101.18|1133.18
1101.81|1133.82
1102.45|1134.46
1103.1|1135.09
1103.74|1135.74
1104.37|1136.38
1105.01|1137.01
1105.66|1137.65
1106.29|1138.3
1106.93|1138.94
1107.58|1139.57
1108.22|1140.22
1108.85|1140.86
1109.49|1141.5
1110.14|1142.13
1110.78|1142.78
1111.41|1143.42
1112.06|1144.05
1112.7|1144.7
1113.33|1145.34
1113.97|1145.98
1114.62|1146.61
1115.26|1147.26
1115.89|1147.9
1116.53|1148.53
1117.18|1149.17
1117.82|1149.82
1118.45|1150.46
1119.1|1151.09
1119.74|1151.74
1120.37|1152.38
1121.01|1153.02
1121.66|1153.65
1122.3|1154.3
1122.93|1154.94
1123.57|1155.57
1124.22|1156.21
1124.86|1156.86
1125.49|1157.5
1126.14|1158.13
1126.78|1158.78
1127.41|1159.42
1128.05|1160.06
1128.7|1160.69
1129.34|1161.34
1129.97|1161.98
1130.61|1162.61
1131.26|1163.25
1131.9|1163.9
1132.53|1164.54
1133.18|1165.17
1133.82|1165.82
1134.45|1166.46
1135.09|1167.1
1135.74|1167.73
1136.38|1168.38
1137.01|1169.02
1137.65|1169.65
1138.3|1170.29
1138.93|1170.94
1139.57|1171.58
1140.22|1172.21
1140.86|1172.86
1141.49|1173.5
1142.13|1174.14
1142.78|1174.77
1143.42|1175.42
1144.05|1176.06
1144.7|1176.69
1145.34|1177.34
1145.97|1177.98
1146.61|1178.62
1147.26|1179.25
1147.9|1179.9
1148.53|1180.54
1149.17|1181.17
1149.82|1181.81
1150.46|1182.46
1151.09|1183.1
1151.74|1183.73
1152.38|1184.38
1153.01|1185.02
1153.65|1185.66
1154.3|1186.29
1154.94|1186.94
1155.57|1187.58
1156.21|1188.21
1156.86|1188.85
1157.5|1189.5
1158.13|1190.14
1158.78|1190.77
1159.42|1191.42
1160.05|1192.06
1160.69|1192.7
1161.34|1193.33
1161.98|1193.98
1162.61|1194.62
1163.25|1195.25
1163.9|1195.89
1164.54|1196.54
1165.17|1197.18
1165.82|1197.81
1166.46|1198.46
1167.09|1199.1
1167.73|1199.74
1168.38|1200.37
1169.02|1201.02
1169.65|1201.66
1170.29|1202.29
1170.94|1202.93
1171.57|1203.58
1172.21|1204.22
1172.86|1204.85
1173.5|1205.5
1174.13|1206.14
1174.77|1206.78
1175.42|1207.41
1176.06|1208.06
1176.69|1208.7
1177.34|1209.33
1177.98|1209.98
1178.61|1210.62
1179.25|1211.26
1179.9|1211.89
1180.54|1212.54
1181.17|1213.18
1181.81|1213.81
1182.46|1214.45
1183.1|1215.1
1183.73|1215.74
1184.38|1216.37
1185.02|1217.02
1185.65|1217.66
1186.29|1218.3
1186.94|1218.93
1187.58|1219.58
1188.21|1220.22
1188.85|1220.85
1189.5|1221.49
1190.14|1222.14
1190.77|1222.78
1191.42|1223.41
1192.06|1224.06
1192.69|1224.7
1193.33|1225.34
1193.98|1225.97
1194.62|1226.62
1195.25|1227.26
1195.89|1227.89
1196.54|1228.53
1197.18|1229.18
1197.81|1229.82
1198.46|1230.45
1199.1|1231.1
1199.73|1231.74
1200.37|1232.38
1201.02|1233.01
1201.66|1233.66
1202.29|1234.3
1202.93|1234.93
1203.58|1235.57
1204.21|1236.22
1204.85|1236.86
1205.5|1237.49
1206.14|1238.14
1206.77|1238.78
1207.41|1239.42
1208.06|1240.05
1208.7|1240.7
1209.33|1241.34
1209.98|1241.97
1210.62|1242.62
1211.25|1243.26
1211.89|1243.9
1212.54|1244.53
1213.18|1245.18
1213.81|1245.82
1214.45|1246.45
1215.1|1247.09
1215.74|1247.74
1216.37|1248.38
1217.02|1249.01
1217.66|1249.66
1218.29|1250.3
1218.93|1250.94
1219.58|1251.57
1220.22|1252.22
1220.85|1252.86
1221.49|1253.49
1222.14|1254.13
1222.78|1254.78
1223.41|1255.42
1224.06|1256.05
1224.7|1256.7
1225.33|1257.34
1225.97|1257.98
1226.62|1258.61
1227.26|1259.26
1227.89|1259.9
1228.53|1260.53
1229.18|1261.17
1229.82|1261.82
1230.45|1262.46
1231.1|1263.09
1231.74|1263.74
1232.37|1264.38
1233.01|1265.02
1233.66|1265.65
1234.3|1266.3
1234.93|1266.94
1235.57|1267.57
1236.22|1268.21
1236.85|1268.86
1237.49|1269.5
1238.14|1270.13
1238.78|1270.78
1239.41|1271.42
1240.05|1272.06
1240.7|1272.69
1241.34|1273.34
1241.97|1273.98
1242.62|1274.61
1243.26|1275.26
1243.89|1275.9
1244.53|1276.54
1245.18|1277.17
1245.82|1277.82
1246.45|1278.46
1247.09|1279.09
1247.74|1279.73
1248.38|1280.38
1249.01|1281.02
1249.66|1281.65
1250.3|1282.3
1250.93|1282.94
1251.57|1283.58
1252.22|1284.21
1252.86|1284.86
1253.49|1285.5
1254.13|1286.13
1254.78|1286.77
1255.42|1287.42
1256.05|1288.06
1256.7|1288.69
1257.34|1289.34
1257.97|1289.98
1258.61|1290.62
1259.26|1291.25
1259.9|1291.9
1260.53|1292.54
1261.17|1293.17
1261.82|1293.81
1262.46|1294.46
1263.09|1295.1
1263.74|1295.73
1264.38|1296.38
1265.01|1297.02
1265.65|1297.66
1266.3|1298.29
1266.94|1298.94
1267.57|1299.58
1268.21|1300.21
1268.86|1300.85
1269.49|1301.5
1270.13|1302.14
1270.78|1302.77
1271.42|1303.42
1272.05|1304.06
1272.69|1304.7
1273.34|1305.33
1273.98|1305.98
1274.61|1306.62
1275.26|1307.25
1275.9|1307.89
1276.53|1308.54
1277.17|1309.18
1277.82|1309.81
1278.46|1310.46
1279.09|1311.1
1279.73|1311.73
1280.38|1312.37
1281.02|1313.02
1281.65|1313.66
1282.3|1314.29
1282.94|1314.94
1283.57|1315.58
1284.21|1316.22
1284.86|1316.85
1285.5|1317.5
1286.13|1318.14
1286.77|1318.77
1287.42|1319.41
1288.06|1320.06
1288.69|1320.7
1289.34|1321.33
1289.98|1321.98
1290.61|1322.62
1291.25|1323.26
1291.9|1323.89
1292.54|1324.54
1293.17|1325.18
1293.81|1325.81
1294.46|1326.45
1295.1|1327.1
1295.73|1327.74
1296.38|1328.37
1297.02|1329.02
1297.65|1329.66
1298.29|1330.3
1298.94|1330.93
1299.58|1331.58
1300.21|1332.22
1300.85|1332.85
1301.5|1333.49
1302.13|1334.14
1302.77|1334.78
1303.42|1335.41
1304.06|1336.06
1304.69|1336.7
1305.33|1337.34
1305.98|1337.97
1306.62|1338.62
1307.25|1339.26
1307.89|1339.89
1308.54|1340.54
1309.17|1341.18
1309.81|1341.82
1310.46|1342.45
1311.1|1343.1
1311.73|1343.74
1312.37|1344.37
1313.02|1345.01
1313.66|1345.66
1314.29|1346.3
1314.94|1346.93
1315.58|1347.58
1316.21|1348.22
1316.85|1348.86
1317.5|1349.49
1318.14|1350.14
1318.77|1350.78
1319.41|1351.41
1320.06|1352.05
1320.7|1352.7
1321.33|1353.34
1321.98|1353.97
1322.62|1354.62
1323.25|1355.26
1323.89|1355.9
1324.54|1356.53
1325.18|1357.18
1325.81|1357.82
1326.45|1358.45
1327.1|1359.09
1327.74|1359.74
1328.37|1360.38
1329.02|1361.01
1329.66|1361.66
1330.29|1362.3
1330.93|1362.94
1331.58|1363.57
1332.22|1364.22
1332.85|1364.86
1333.49|1365.49
1334.14|1366.13
1334.77|1366.78
1335.41|1367.42
1336.06|1368.05
1336.7|1368.7
1337.33|1369.34
1337.97|1369.98
1338.62|1370.61
1339.26|1371.26
1339.89|1371.9
1340.54|1372.53
1341.18|1373.18
1341.81|1373.82
1342.45|1374.46
1343.1|1375.09
1343.74|1375.74
1344.37|1376.38
1345.01|1377.01
1345.66|1377.65
1346.3|1378.3
1346.93|1378.94
1347.58|1379.57
1348.22|1380.22
1348.85|1380.86
1349.49|1381.5
1350.14|1382.13
1350.78|1382.78
1351.41|1383.42
1352.05|1384.05
1352.7|1384.69
1353.34|1385.34
1353.97|1385.98
1354.62|1386.61
1355.26|1387.26
1355.89|1387.9
1356.53|1388.54
1357.18|1389.17
1357.82|1389.82
1358.45|1390.46
1359.09|1391.09
1359.74|1391.73
1360.38|1392.38
1361.01|1393.02
1361.66|1393.65
1362.3|1394.3
1362.93|1394.94
1363.57|1395.58
1364.22|1396.21
1364.86|1396.86
1365.49|1397.5
1366.07|1398.13
1366.58|1398.77
1367.03|1399.42
1367.48|1400.05
1367.93|1400.69
1368.37|1401.33
1368.82|1401.97
1369.27|1402.61
1369.72|1403.25
1370.16|1403.89
1370.61|1404.53
1371.06|1405.17
1371.51|1405.81
1371.96|1406.45
1372.4|1407.09
1372.85|1407.73
1373.3|1408.37
1373.75|1409.01
1374.2|1409.65
1374.64|1410.29
1375.09|1410.93
1375.54|1411.57
1375.99|1412.21
1376.43|1412.85
1376.88|1413.49
1377.33|1414.13
1377.78|1414.76
1378.22|1415.41
1378.67|1416.04
1379.12|1416.68
1379.57|1417.32
1380.02|1417.96
1380.46|1418.6
1380.91|1419.24
1381.36|1419.88
1381.81|1420.52
1382.25|1421.16
1382.7|1421.8
1383.15|1422.44
1383.6|1423.08
1384.04|1423.72
1384.63|1424.36
1385.27|1425
1385.91|1425.64
1386.55|1426.28
1387.19|1426.92
1387.83|1427.56
1388.47|1428.2
1389.11|1428.84
1389.75|1429.48
1390.39|1430.12
1391.03|1430.76
1391.67|1431.4
1392.31|1432.04
1392.95|1432.68
1393.59|1433.32
1394.23|1433.96
1394.87|1434.6
1395.51|1435.24
1396.15|1435.88
1396.79|1436.52
1397.43|1437.16
1398.07|1437.8
1398.71|1438.44
1399.35|1439.08
1399.99|1439.72
1400.63|1440.36
1401.27|1441
1401.91|1441.64
1402.55|1442.28
1403.19|1442.92
1403.83|1443.56
1404.47|1444.2
1405.11|1444.84
1405.75|1445.48
1406.39|1446.12
1407.03|1446.76
1407.67|1447.4
1408.31|1448.04
1408.95|1448.68
1409.59|1449.32
1410.23|1449.96
1410.87|1450.6
1411.51|1451.24
1412.15|1451.88
1412.79|1452.52
1413.43|1453.16
1414.07|1453.8
1414.71|1454.44
1415.35|1455.08
1415.99|1455.72
1416.63|1456.36
1417.27|1457
1417.91|1457.64
1418.55|1458.28
1419.19|1458.92
1419.83|1459.56
1420.47|1460.2
1421.11|1460.84
1421.75|1461.48
1422.39|1462.12
1423.03|1462.76
1423.67|1463.4
1424.31|1464.04
1424.95|1464.68
1425.59|1465.32
1426.23|1465.96
1426.87|1466.6
1427.51|1467.24
1428.15|1467.88
1428.79|1468.52
1429.43|1469.16
1430.07|1469.8
1430.71|1470.44
1431.35|1471.08
1431.99|1471.72
1432.63|1472.36
1433.27|1473
1433.91|1473.64
1434.55|1474.28
1435.19|1474.92
1435.83|1475.56
1436.47|1476.2
1437.11|1476.84
1437.75|1477.48
1438.39|1478.12
1439.03|1478.76
1439.67|1479.4
1440.31|1480.04
1440.95|1480.68
1441.59|1481.32
1442.23|1481.96
1442.87|1482.6
1443.51|1483.24
1444.15|1483.88
1444.79|1484.52
1445.43|1485.16
1446.07|1485.8
1446.71|1486.44
1447.35|1487.08
1447.99|1487.72
1448.63|1488.36
1449.27|1489
1449.91|1489.64
1450.55|1490.28
1451.19|1490.92
1451.83|1491.56
1452.47|1492.2
1453.11|1492.84
1453.75|1493.48
1454.39|1494.12
1455.03|1494.76
1455.67|1495.4
1456.31|1496.04
1456.95|1496.68
1457.59|1497.32
1458.23|1497.96
1458.87|1498.6
1459.51|1499.24
1460.15|1499.88
1460.79|1500.52
1461.43|1501.16
1462.07|1501.8
1462.71|1502.44
1463.35|1503.08
1463.99|1503.72
1464.63|1504.36
1465.27|1505
1465.91|1505.64
1466.55|1506.28
1467.19|1506.92
1467.83|1507.56
1468.47|1508.2
1469.11|1508.84
1469.75|1509.48
1470.39|1510.12
1471.03|1510.76
1471.67|1511.4
1472.31|1512.04
1472.95|1512.68
1473.59|1513.32
1474.23|1513.96
1474.87|1514.6
1475.51|1515.24
1476.15|1515.88
1476.79|1516.52
1477.43|1517.16
1478.07|1517.8
1478.71|1518.44
1479.35|1519.08
1479.99|1519.72
1480.63|1520.36
1481.27|1521
1481.91|1521.64
1482.55|1522.28
1483.19|1522.92
1483.83|1523.56
1484.47|1524.2
1485.11|1524.84
1485.75|1525.48
1486.39|1526.12
1487.03|1526.76
1487.67|1527.4
1488.31|1528.04
1488.95|1528.68
1489.59|1529.32
1490.23|1529.96
1490.87|1530.6
1491.51|1531.24
1492.15|1531.88
1492.79|1532.52
1493.43|1533.16
1494.07|1533.8
1494.71|1534.44
1495.35|1535.08
1495.99|1535.72
1496.63|1536.36
1497.27|1537
1497.91|1537.64
1498.55|1538.28
1499.19|1538.92
1499.83|1539.56
1500.47|1540.2
1501.11|1540.84
1501.75|1541.48
1502.39|1542.12
1503.03|1542.76
1503.67|1543.4
1504.31|1544.04
1504.95|1544.68
1505.59|1545.32
1506.23|1545.96
1506.87|1546.6
1507.51|1547.24
1508.15|1547.88
1508.79|1548.52
1509.43|1549.16
1510.07|1549.8
1510.71|1550.44
1511.35|1551.08
1511.99|1551.72
1512.63|1552.36
1513.27|1553
1513.91|1553.64
1514.55|1554.28
1515.19|1554.92
1515.83|1555.56
1516.47|1556.2
1517.11|1556.84
1517.75|1557.48
1518.39|1558.12
1519.03|1558.76
1519.67|1559.4
1520.31|1560.04
1520.95|1560.68
1521.59|1561.32
1522.23|1561.96
1522.87|1562.6
1523.51|1563.24
1524.15|1563.88
1524.79|1564.52
1525.43|1565.16
1526.07|1565.8
1526.71|1566.44
1527.35|1567.08
1527.99|1567.72
1528.63|1568.36
1529.27|1569
1529.91|1569.64
1530.55|1570.28
1531.19|1570.92
1531.83|1571.56
1532.47|1572.2
1533.11|1572.84
1533.75|1573.48
1534.39|1574.12
1535.03|1574.76
1535.67|1575.4
1536.31|1576.04
1536.95|1576.68
1537.59|1577.32
1538.23|1577.96
1538.87|1578.6
1539.51|1579.24
1540.15|1579.88
1540.79|1580.52
1541.43|1581.16
1542.07|1581.8
1542.71|1582.44
1543.35|1583.08
1543.99|1583.72
1544.63|1584.36
1545.27|1585
1545.91|1585.64
1546.55|1586.28
1547.19|1586.92
1547.83|1587.56
1548.47|1588.2
1549.11|1588.84
1549.75|1589.48
1550.39|1590.12
1551.03|1590.76
1551.67|1591.4
1552.31|1592.04
1552.95|1592.68
1553.59|1593.32
1554.23|1593.96
1554.87|1594.6
1555.51|1595.24
1556.15|1595.88
1556.79|1596.52
1557.43|1597.16
1558.07|1597.8
1558.71|1598.44
1559.35|1599.08
1559.99|1599.72
1560.63|1600.36
1561.27|1601
1561.91|1601.64
1562.55|1602.28
1563.19|1602.92
1563.83|1603.56
1564.47|1604.2
1565.11|1604.84
1565.75|1605.48
1566.39|1606.12
1567.03|1606.76
1567.67|1607.4
1568.31|1608.04
1568.95|1608.68
1569.59|1609.32
1570.23|1609.96
1570.87|1610.6
1571.51|1611.24
1572.15|1611.88
1572.79|1612.52
1573.43|1613.16
1574.07|1613.8
1574.71|1614.44
1575.35|1615.08
1575.99|1615.72
1576.63|1616.36
1577.27|1617
1577.91|1617.64
1578.55|1618.28
1579.19|1618.92
1579.83|1619.56
1580.47|1620.2
1581.11|1620.84
1581.75|1621.48
1582.39|1622.12
1583.03|1622.76
1583.67|1623.4
1584.31|1624.04
1584.95|1624.68
1585.59|1625.32
1586.23|1625.96
1586.87|1626.6
1587.51|1627.24
1588.15|1627.88
1588.79|1628.52
1589.43|1629.16
1590.07|1629.8
1590.71|1630.44
1591.35|1631.08
1591.99|1631.72
1592.63|1632.36
1593.27|1633
1593.91|1633.64
1594.55|1634.28
1595.19|1634.92
1595.83|1635.56
1596.47|1636.2
1597.11|1636.84
1597.75|1637.48
1598.39|1638.12
1599.03|1638.76
1599.67|1639.4
1600.31|1640.04
1600.95|1640.68
1601.59|1641.32
1602.23|1641.96
1602.87|1642.6
1603.51|1643.24
1604.15|1643.88
1604.79|1644.52
1605.43|1645.16
1606.07|1645.8
1606.71|1646.44
1607.35|1647.08
1607.99|1647.72
1608.63|1648.36
1609.27|1649
1609.91|1649.64
1610.55|1650.28
1611.19|1650.92
1611.83|1651.56
1612.47|1652.2
1613.11|1652.84
1613.75|1653.48
1614.39|1654.12
1615.03|1654.76
1615.67|1655.4
1616.31|1656.04
1616.95|1656.68
1617.59|1657.32
1618.23|1657.96
1618.87|1658.6
1619.51|1659.24
1620.15|1659.88
1620.79|1660.52
1621.43|1661.16
1622.07|1661.8
1622.71|1662.44
1623.35|1663.08
1623.99|1663.72
1624.63|1664.36
1625.27|1665
1625.91|1665.64
1626.55|1666.28
1627.19|1666.92
1627.83|1667.56
1628.47|1668.2
1629.11|1668.84
1629.75|1669.48
1630.39|1670.12
1631.03|1670.76
1631.67|1671.4
1632.31|1672.04
1632.95|1672.68
1633.59|1673.32
1634.23|1673.96
1634.87|1674.6
1635.51|1675.24
1636.15|1675.88
1636.79|1676.52
1637.43|1677.16
1638.07|1677.8
1638.71|1678.44
1639.35|1679.08
1639.99|1679.72
1640.63|1680.36
1641.27|1681
1641.91|1681.64
1642.55|1682.28
1643.19|1682.92
1643.83|1683.56
1644.47|1684.2
1645.11|1684.84
1645.75|1685.48
1646.39|1686.12
1647.03|1686.76
1647.67|1687.4
1648.31|1688.04
1648.95|1688.68
1649.59|1689.32
1650.23|1689.96
1650.87|1690.6
1651.51|1691.24
1652.15|1691.88
1652.79|1692.52
1653.43|1693.16
1654.07|1693.8
1654.71|1694.44
1655.35|1695.08
1655.99|1695.72
1656.63|1696.36
1657.27|1697
1657.91|1697.64
1658.55|1698.28
1659.19|1698.92
1659.83|1699.56
1660.47|1700.2
1661.11|1700.84
1661.75|1701.48
1662.39|1702.12
1663.03|1702.76
1663.67|1703.4
1664.31|1704.04
1664.95|1704.68
1665.59|1705.32
1666.23|1705.96
1666.87|1706.6
1667.51|1707.24
1668.15|1707.88
1668.79|1708.52
1669.43|1709.16
1670.07|1709.8
1670.71|1710.44
1671.35|1711.08
1671.99|1711.72
1672.63|1712.36
1673.27|1713
1673.91|1713.64
1674.55|1714.28
1675.19|1714.92
1675.83|1715.56
1676.47|1716.2
1677.11|1716.84
1677.75|1717.48
1678.39|1718.12
1679.03|1718.76
1679.67|1719.4
1680.31|1720.04
1680.95|1720.68
1681.59|1721.32
1682.23|1721.96
1682.87|1722.6
1683.51|1723.24
1684.15|1723.88
1684.79|1724.52
1685.43|1725.16
1686.07|1725.8
1686.71|1726.44
1687.35|1727.08
1687.99|1727.72
1688.63|1728.36
1689.27|1729
1689.91|1729.64
1690.55|1730.28
1691.19|1730.92
1691.83|1731.56
1692.47|1732.2
1693.11|1732.84
1693.75|1733.48
1694.39|1734.12
1695.03|1734.76
1695.67|1735.4
1696.31|1736.04
1696.95|1736.68
1697.59|1737.32
1698.23|1737.96
1698.87|1738.6
1699.51|1739.24
1700.15|1739.88
1700.79|1740.52
1701.43|1741.16
1702.07|1741.8
1702.71|1742.44
1703.35|1743.08
1703.99|1743.72
1704.63|1744.36
1705.27|1745
1705.91|1745.64
1706.55|1746.28
1707.19|1746.92
1707.76|1747.56
1708.27|1748.2
1708.72|1748.84
1709.11|1749.48
1709.49|1750.12
1709.87|1750.76
1710.26|1751.4
1710.64|1752.04
1711.02|1752.67
1711.41|1753.31
1711.79|1753.95
1712.17|1754.59
1712.56|1755.23
1712.94|1755.87
1713.32|1756.51
1713.71|1757.15
1714.09|1757.79
1714.48|1758.43
1714.86|1759.07
1715.24|1759.71
1715.63|1760.34
1716.01|1760.99
1716.39|1761.62
1716.78|1762.26
1717.16|1762.9
1717.55|1763.54
1717.93|1764.18
1718.31|1764.82
1718.7|1765.46
1719.08|1766.1
1719.46|1766.74
1719.85|1767.38
1720.23|1768.02
1720.61|1768.66
1721.13|1769.3
1721.77|1769.93
1722.41|1770.58
1723.05|1771.22
1723.69|1771.86
1724.33|1772.49
1724.97|1773.14
1725.61|1773.78
1726.25|1774.41
1726.89|1775.06
1727.53|1775.7
1728.17|1776.34
1728.81|1776.97
1729.45|1777.62
1730.09|1778.26
1730.73|1778.9
1731.37|1779.53
1732.01|1780.18
1732.65|1780.82
1733.29|1781.45
1733.93|1782.1
1734.57|1782.74
1735.21|1783.38
1735.85|1783.95
1736.49|1784.46
1737.13|1784.91
1737.77|1785.36
1738.41|1785.81
1739.05|1786.25
1739.69|1786.84
1740.33|1787.48
1740.97|1788.12
1741.61|1788.76
1742.25|1789.4
1742.89|1790.04
1743.53|1790.68
1744.17|1791.32
1744.81|1791.96
1745.45|1792.59
1746.09|1793.24
1746.73|1793.88
1747.37|1794.52
1748.01|1795.16
1748.65|1795.8
1749.29|1796.44
1749.93|1797.08
1750.57|1797.72
1751.21|1798.36
1751.85|1799
1752.49|1799.63
1753.13|1800.28
1753.77|1800.92
1754.41|1801.56
1755.05|1802.2
1755.69|1802.84
1756.33|1803.48
1756.97|1804.11
1757.61|1804.76
1758.19|1805.4
1758.7|1806.04
1759.21|1806.68
1759.72|1807.32
1760.23|1807.96
1760.74|1808.59
1761.26|1809.24
1761.77|1809.87
1762.28|1810.51
1762.79|1811.15
1763.3|1811.79
1763.82|1812.43
1764.33|1813.07
1764.84|1813.71
1765.35|1814.35
1765.86|1814.99
1766.37|1815.63
1766.89|1816.27
1767.4|1816.91
1767.91|1817.55
1768.42|1818.19
1768.94|1818.83
1769.45|1819.47
1769.96|1820.11
1770.47|1820.69
1770.98|1821.2
1771.5|1821.65
1772.01|1822.03
1772.52|1822.42
1773.03|1822.8
1773.54|1823.18
1774.05|1823.57
1774.57|1823.95
1775.08|1824.34
1775.59|1824.72
1776.1|1825.1
1776.61|1825.49
1777.13|1825.87
1777.64|1826.25
1778.15|1826.64
1778.66|1827.02
1779.17|1827.41
1779.68|1827.79
1780.2|1828.17
1780.84|1828.69
1781.48|1829.33
1782.12|1829.97
1782.76|1830.61
1783.4|1831.25
1784.04|1831.89
1784.68|1832.53
1785.32|1833.17
1785.96|1833.81
1786.6|1834.45
1787.24|1835.09
1787.88|1835.73
1788.52|1836.37
1789.16|1837.01
1789.8|1837.65
1790.44|1838.29
1791.08|1838.93
1791.72|1839.57
1792.36|1840.21
1793|1840.85
1793.64|1841.49
1794.28|1842.13
1794.92|1842.77
1795.56|1843.41
1796.2|1844.05
1796.84|1844.69
1797.48|1845.33
1798.12|1845.97
1798.76|1846.61
1799.4|1847.25
1800.04|1847.89
1800.68|1848.53
1801.32|1849.17
1801.96|1849.81
1802.6|1850.45
1803.24|1851.09
1803.88|1851.73
1804.52|1852.37
1805.16|1853.01
1805.8|1853.65
1806.44|1854.29
1807.08|1854.93
1807.72|1855.57
1808.36|1856.21
1809|1856.85
1809.64|1857.49
1810.28|1858.13
1810.92|1858.77
1811.56|1859.41
1812.2|1860.05
1812.84|1860.69
1813.48|1861.33
1814.12|1861.97
1814.76|1862.61
1815.4|1863.25
1816.04|1863.89
1816.68|1864.47
1817.32|1864.98
1817.96|1865.43
1818.59|1865.88
1819.24|1866.32
1819.87|1866.77
1820.51|1867.22
1821.15|1867.8
1821.79|1868.44
1822.43|1869.08
1823.07|1869.72
1823.72|1870.36
1824.35|1871
1824.99|1871.64
1825.63|1872.28
1826.27|1872.92
1826.91|1873.56
1827.55|1874.2
1828.19|1874.84
1828.83|1875.48
1829.47|1876.12
1830.11|1876.76
1830.76|1877.4
1831.39|1878.04
1832.03|1878.68
1832.67|1879.32
1833.31|1879.96
1833.95|1880.6
1834.59|1881.24
1835.24|1881.88
1835.87|1882.52
1836.51|1883.16
1837.15|1883.8
1837.8|1884.44
1838.43|1885.08
1839.07|1885.72
1839.71|1886.36
1840.35|1887
1840.99|1887.64
1841.63|1888.28
1842.28|1888.92
1842.91|1889.56
1843.55|1890.2
1844.19|1890.84
1844.84|1891.48
1845.47|1892.12
1846.11|1892.76
1846.75|1893.4
1847.39|1894.04
1848.03|1894.68
1848.67|1895.32
1849.32|1895.96
1849.95|1896.6
1850.59|1897.24
1851.23|1897.88
1851.87|1898.52
1852.51|1899.16
1853.15|1899.8
1853.79|1900.44
1854.43|1901.08
1855.07|1901.72
1855.71|1902.36
1856.36|1903
1856.99|1903.64
1857.57|1904.28
1858.08|1904.92
1858.53|1905.56
1858.98|1906.2
1859.43|1906.84
1859.87|1907.48
1860.32|1908.12
1860.9|1908.76
1861.54|1909.4
1862.18|1910.04
1862.82|1910.68
1863.46|1911.32
1864.1|1911.96
1864.74|1912.6
1865.38|1913.24
1866.02|1913.88
1866.66|1914.52
1867.3|1915.16
1867.94|1915.8
1868.58|1916.44
1869.22|1917.08
1869.86|1917.72
1870.5|1918.36
1871.14|1919
1871.78|1919.64
1872.42|1920.28
1873.06|1920.92
1873.7|1921.56
1874.34|1922.2
1874.98|1922.84
1875.62|1923.48
1876.26|1924.12
1876.9|1924.76
1877.54|1925.4
1878.18|1926.04
1878.82|1926.68
1879.46|1927.32
1880.1|1927.96
1880.74|1928.6
1881.38|1929.24
1882.02|1929.88
1882.66|1930.52
1883.3|1931.16
1883.94|1931.8
1884.58|1932.44
1885.22|1933.08
1885.86|1933.72
1886.5|1934.36
1887.14|1935
1887.78|1935.64
1888.42|1936.28
1889.06|1936.92
1889.7|1937.56
1890.34|1938.2
1890.98|1938.84
1891.62|1939.48
1892.26|1940.12
1892.9|1940.76
1893.54|1941.4
1894.18|1942.04
1894.82|1942.68
1895.46|1943.32
1896.1|1943.96
1896.74|1944.6
1897.38|1945.24
1898.02|1945.88
1898.66|1946.52
1899.3|1947.16
1899.94|1947.8
1900.58|1948.44
1901.22|1949.08
1901.86|1949.72
1902.5|1950.36
1903.14|1951
1903.78|1951.64
1904.42|1952.28
1905.06|1952.92
1905.7|1953.56
1906.34|1954.2
1906.98|1954.84
1907.62|1955.48
1908.26|1956.12
1908.9|1956.76
1909.54|1957.4
1910.18|1958.04
1910.82|1958.68
1911.46|1959.32
1912.1|1959.96
1912.74|1960.6
1913.38|1961.24
1914.02|1961.88
1914.66|1962.52
1915.3|1963.16
1915.94|1963.8
1916.58|1964.44
1917.22|1965.08
1917.86|1965.72
1918.5|1966.36
1919.14|1967
1919.78|1967.64
1920.42|1968.28
1921.06|1968.92
1921.7|1969.56
1922.34|1970.2
1922.98|1970.84
1923.62|1971.48
1924.26|1972.12
1924.9|1972.76
1925.54|1973.4
1926.18|1974.04
1926.82|1974.68
1927.46|1975.32
1928.1|1975.96
1928.74|1976.6
1929.38|1977.24
1930.02|1977.88
1930.66|1978.52
1931.3|1979.16
1931.94|1979.8
1932.58|1980.44
1933.22|1981.08
1933.86|1981.72
1934.5|1982.36
1935.14|1983
1935.78|1983.64
1936.42|1984.28
1937.06|1984.92
1937.7|1985.56
1938.34|1986.2
1938.98|1986.84
1939.62|1987.48
1940.26|1988.12
1940.9|1988.76
1941.54|1989.4
1942.18|1990.04
1942.82|1990.68
1943.46|1991.32
1944.1|1991.96
1944.74|1992.6
1945.38|1993.24
1946.02|1993.88
1946.66|1994.52
1947.3|1995.16
1947.94|1995.8
1948.58|1996.44
1949.22|1997.08
1949.86|1997.72
1950.5|1998.36
1951.14|1999
1951.78|1999.64
1952.42|2000.28
1953.06|2000.92
1953.7|2001.56
1954.34|2002.2
1954.98|2002.84
1955.62|2003.48
1956.26|2004.12
1956.9|2004.76
1957.54|2005.4
1958.18|2006.04
1958.82|2006.68
1959.46|2007.32
1960.1|2007.96
1960.74|2008.6
1961.38|2009.24
1962.02|2009.88
1962.66|2010.52
1963.3|2011.16
1963.94|2011.8
1964.58|2012.44
1965.22|2013.08
1965.86|2013.72
1966.5|2014.36
1967.14|2015
1967.78|2015.64
1968.42|2016.28
1969.06|2016.92
1969.7|2017.56
1970.34|2018.2
1970.98|2018.84
1971.62|2019.48
1972.26|2020.12
1972.9|2020.76
1973.54|2021.4
1974.18|2022.04
1974.82|2022.68
1975.46|2023.32
1976.1|2023.96
1976.74|2024.6
1977.38|2025.24
1978.02|2025.88
1978.66|2026.52
1979.3|2027.16
1979.94|2027.8
1980.58|2028.44
1981.22|2029.08
1981.86|2029.72
1982.5|2030.36
1983.14|2031
1983.78|2031.64
1984.42|2032.28
1985.06|2032.92
1985.7|2033.56
1986.34|2034.2
1986.98|2034.84
1987.62|2035.48
1988.26|2036.12
1988.9|2036.76
1989.54|2037.4
1990.18|2038.04
1990.82|2038.68
1991.46|2039.32
1992.1|2039.96
1992.74|2040.6
1993.38|2041.24
1994.02|2041.88
1994.66|2042.52
1995.3|2043.16
1995.94|2043.8
1996.58|2044.44
1997.22|2045.08
1997.86|2045.72
1998.5|2046.36
1999.14|2047
1999.78|2047.64
2000.42|2048.28
2001.06|2048.92
2001.7|2049.56
2002.34|2050.2
2002.98|2050.84
2003.62|2051.48
2004.26|2052.12
2004.9|2052.76
2005.54|2053.4
2006.18|2054.04
2006.82|2054.68
2007.46|2055.32
2008.1|2055.96
2008.74|2056.6
2009.38|2057.24
2010.02|2057.88
2010.66|2058.52
2011.3|2059.16
2011.94|2059.8
2012.58|2060.44
2013.22|2061.08
2013.86|2061.72
2014.5|2062.36
2015.14|2063
2015.78|2063.64
2016.42|2064.28
2017.06|2064.92
2017.7|2065.56
2018.34|2066.2
2018.98|2066.84
2019.62|2067.48
2020.26|2068.12
2020.9|2068.76
2021.54|2069.4
2022.18|2070.04
2022.82|2070.68
2023.46|2071.32
2024.1|2071.96
2024.74|2072.6
2025.38|2073.24
2026.02|2073.88
2026.66|2074.52
2027.3|2075.16
2027.94|2075.8
2028.58|2076.44
2029.22|2077.08
2029.86|2077.72
2030.5|2078.36
2031.14|2079
2031.78|2079.64
2032.42|2080.28
2033.06|2080.92
2033.7|2081.56
2034.34|2082.2
2034.98|2082.84
2035.62|2083.48
2036.26|2084.12
2036.9|2084.76
2037.54|2085.4
2038.18|2086.04
2038.82|2086.68
2039.46|2087.32
2040.1|2087.96
2040.74|2088.6
2041.38|2089.24
2042.02|2089.88
2042.66|2090.52
2043.3|2091.16
2043.94|2091.8
2044.58|2092.44
2045.22|2093.08
2045.86|2093.72
2046.5|2094.36
2047.14|2095
2047.78|2095.64
2048.42|2096.28
2049.06|2096.92
2049.7|2097.56
2050.34|2098.2
2050.98|2098.84
2051.62|2099.48
2052.26|2100.12
2052.9|2100.76
2053.54|2101.4
2054.18|2102.04
2054.82|2102.68
2055.46|2103.32
2056.1|2103.96
2056.74|2104.6
2057.32|2105.24
2057.83|2105.88
2058.28|2106.52
2058.66|2107.16
2059.05|2107.8
2059.43|2108.44
2059.81|2109.07
2060.2|2109.71
2060.58|2110.35
2060.96|2110.99
2061.35|2111.63
2061.73|2112.27
2062.11|2112.91
2062.5|2113.55
2062.88|2114.19
2063.27|2114.83
2063.65|2115.47
2064.03|2116.11
2064.42|2116.74
2064.8|2117.39
2065.18|2118.02
2065.57|2118.66
2065.95|2119.3
2066.33|2119.94
2066.72|2120.58
2067.1|2121.22
2067.48|2121.86
2067.87|2122.5
2068.25|2123.14
2068.64|2123.78
2069.02|2124.42
2069.4|2125.06
2069.92|2125.7
2070.56|2126.33
2071.2|2126.98
2071.84|2127.62
2072.48|2128.26
2073.12|2128.9
2073.76|2129.54
2074.4|2130.18
2075.04|2130.82
2075.68|2131.46
2076.32|2132.1
2076.96|2132.74
2077.6|2133.37
2078.24|2134.02
2078.88|2134.66
2079.52|2135.3
2080.16|2135.94
2080.8|2136.58
2081.44|2137.22
2082.08|2137.85
2082.72|2138.5
2083.36|2139.14
2084|2139.78
2084.64|2140.41
2085.28|2141.06
2085.92|2141.7
2086.56|2142.34
2087.2|2142.98
2087.84|2143.62
2088.48|2144.26
2089.12|2144.89
2089.76|2145.54
2090.4|2146.18
2091.04|2146.82
2091.68|2147.45
2092.32|2148.1
2092.96|2148.74
2093.6|2149.38
2094.24|2150.02
2094.88|2150.66
2095.52|2151.3
2096.16|2151.93
2096.8|2152.58
2097.44|2153.22
2098.08|2153.86
2098.72|2154.5
2099.36|2155.14
2100|2155.78
2100.64|2156.42
2101.28|2157.06
2101.92|2157.7
2102.56|2158.34
2103.2|2158.97
2103.84|2159.62
2104.48|2160.26
2105.12|2160.9
2105.76|2161.54
2106.4|2162.18
2107.04|2162.82
2107.68|2163.46
2108.32|2164.1
2108.96|2164.74
2109.6|2165.38
2110.24|2166.01
2110.88|2166.66
2111.52|2167.3
2112.16|2167.94
2112.8|2168.58
2113.44|2169.22
2114.08|2169.86
2114.72|2170.49
2115.36|2171.14
2116|2171.78
2116.64|2172.42
2117.28|2173.05
2117.92|2173.7
2118.56|2174.34
2119.2|2174.98
2119.84|2175.62
2120.48|2176.26
2121.12|2176.9
2121.76|2177.53
2122.4|2178.18
2123.04|2178.82
2123.68|2179.46
2124.32|2180.09
2124.96|2180.74
2125.6|2181.38
2126.24|2182.02
2126.88|2182.66
2127.52|2183.3
2128.16|2183.94
2128.8|2184.57
2129.44|2185.22
2130.08|2185.86
2130.72|2186.5
2131.36|2187.14
2132|2187.78
2132.64|2188.42
2133.28|2189.06
2133.92|2189.7
2134.56|2190.34
2135.2|2190.98
2135.84|2191.61
2136.48|2192.26
2137.12|2192.9
2137.76|2193.54
2138.4|2194.18
2139.04|2194.82
2139.68|2195.46
2140.32|2196.1
2140.96|2196.74
2141.6|2197.38
2142.24|2198.02
2142.88|2198.65
2143.52|2199.3
2144.16|2199.94
2144.8|2200.58
2145.44|2201.22
2146.08|2201.86
2146.72|2202.5
2147.36|2203.13
2148|2203.78
2148.64|2204.42
2149.28|2205.06
2149.92|2205.69
2150.56|2206.34
2151.2|2206.98
2151.84|2207.62
2152.48|2208.26
2153.12|2208.9
2153.76|2209.54
2154.4|2210.17
2155.04|2210.82
2155.68|2211.46
2156.32|2212.1
2156.96|2212.73
2157.6|2213.38
2158.24|2214.02
2158.88|2214.66
2159.52|2215.3
2160.16|2215.94
2160.8|2216.58
2161.44|2217.21
2162.08|2217.86
2162.72|2218.5
2163.36|2219.14
2164|2219.78
2164.64|2220.42
2165.28|2221.06
2165.92|2221.7
2166.56|2222.34
2167.2|2222.98
2167.84|2223.62
2168.48|2224.25
2169.12|2224.9
2169.76|2225.54
2170.4|2226.18
2171.04|2226.82
2171.68|2227.46
2172.32|2228.1
2172.96|2228.74
2173.6|2229.38
2174.24|2230.02
2174.88|2230.66
2175.52|2231.29
2176.16|2231.94
2176.8|2232.58
2177.44|2233.22
2178.08|2233.86
2178.72|2234.5
2179.36|2235.14
2180|2235.77
2180.64|2236.42
2181.28|2237.06
2181.92|2237.7
2182.56|2238.33
2183.2|2238.98
2183.84|2239.62
2184.48|2240.26
2185.12|2240.9
2185.76|2241.54
2186.4|2242.18
2187.04|2242.81
2187.68|2243.46
2188.32|2244.1
2188.96|2244.74
2189.6|2245.37
2190.24|2246.02
2190.88|2246.66
2191.52|2247.3
2192.16|2247.94
2192.8|2248.58
2193.44|2249.22
2194.08|2249.85
2194.72|2250.5
2195.36|2251.14
2196|2251.78
2196.64|2252.41
2197.28|2253.06
2197.92|2253.7
2198.56|2254.34
2199.2|2254.98
2199.84|2255.62
2200.48|2256.26
2201.12|2256.89
2201.76|2257.54
2202.4|2258.18
2203.04|2258.82
2203.68|2259.46
2204.32|2260.1
2204.96|2260.74
2205.6|2261.38
2206.24|2262.02
2206.88|2262.66
2207.52|2263.3
2208.16|2263.93
2208.8|2264.58
2209.44|2265.22
2210.08|2265.86
2210.72|2266.5
2211.36|2267.14
2212|2267.78
2212.64|2268.41
2213.28|2269.06
2213.92|2269.7
2214.56|2270.34
2215.2|2270.97
2215.84|2271.62
2216.48|2272.26
2217.12|2272.9
2217.76|2273.54
2218.4|2274.18
2219.04|2274.82
2219.68|2275.45
2220.32|2276.1
2220.96|2276.74
2221.6|2277.38
2222.24|2278.01
2222.88|2278.66
2223.52|2279.3
2224.16|2279.94
2224.8|2280.58
2225.44|2281.22
2226.08|2281.86
2226.72|2282.49
2227.36|2283.14
2228|2283.78
2228.64|2284.42
2229.28|2285.06
2229.92|2285.7
2230.56|2286.34
2231.2|2286.98
2231.84|2287.62
2232.48|2288.26
2233.12|2288.9
2233.76|2289.53
2234.4|2290.18
2235.04|2290.82
2235.68|2291.46
2236.32|2292.1
2236.96|2292.74
2237.6|2293.38
2238.24|2294.02
2238.88|2294.66
2239.52|2295.3
2240.16|2295.94
2240.8|2296.57
2241.44|2297.22
2242.08|2297.86
2242.72|2298.5
2243.36|2299.14
2244|2299.78
2244.64|2300.42
2245.28|2301.05
2245.92|2301.7
2246.56|2302.34
2247.2|2302.98
2247.84|2303.61
2248.48|2304.26
2249.12|2304.9
2249.76|2305.54
2250.4|2306.18
2251.04|2306.82
2251.68|2307.46
2252.32|2308.09
2252.96|2308.74
2253.6|2309.38
2254.24|2310.02
2254.88|2310.65
2255.52|2311.3
2256.16|2311.94
2256.8|2312.58
2257.44|2313.22
2258.08|2313.86
2258.72|2314.5
2259.36|2315.13
2260|2315.78
2260.64|2316.42
2261.28|2317.06
2261.92|2317.7
2262.56|2318.34
2263.2|2318.98
2263.84|2319.62
2264.48|2320.26
2265.12|2320.9
2265.76|2321.54
2266.4|2322.17
2267.04|2322.82
2267.68|2323.46
2268.32|2324.1
2268.96|2324.74
2269.6|2325.38
2270.24|2326.02
2270.88|2326.66
2271.52|2327.3
2272.16|2327.94
2272.8|2328.58
2273.44|2329.21
2274.08|2329.86
2274.72|2330.5
2275.36|2331.14
2276|2331.78
2276.64|2332.42
2277.28|2333.06
2277.92|2333.69
2278.56|2334.34
2279.2|2334.98
2279.84|2335.62
2280.48|2336.25
2281.12|2336.9
2281.76|2337.54
2282.4|2338.18
2283.04|2338.82
2283.68|2339.46
2284.32|2340.1
2284.96|2340.73
2285.6|2341.38
2286.24|2342.02
2286.88|2342.66
2287.52|2343.29
2288.16|2343.94
2288.8|2344.58
2289.44|2345.22
2290.08|2345.86
2290.72|2346.5
2291.36|2347.14
2292|2347.77
2292.64|2348.42
2293.28|2349.06
2293.92|2349.7
2294.56|2350.34
2295.2|2350.98
2295.84|2351.62
2296.48|2352.26
2297.12|2352.9
2297.76|2353.54
2298.4|2354.18
2299.04|2354.81
2299.68|2355.46
2300.32|2356.1
2300.96|2356.74
2301.6|2357.38
2302.24|2358.02
2302.88|2358.66
2303.52|2359.3
2304.16|2359.94
2304.8|2360.58
2305.44|2361.22
2306.08|2361.85
2306.72|2362.5
2307.36|2363.14
2308|2363.78
2308.64|2364.42
2309.28|2365.06
2309.92|2365.7
2310.56|2366.33
2311.2|2366.98
2311.84|2367.62
2312.48|2368.26
2313.12|2368.89
2313.76|2369.54
2314.4|2370.18
2315.04|2370.82
2315.68|2371.46
2316.32|2372.1
2316.96|2372.74
2317.6|2373.37
2318.24|2374.02
2318.88|2374.66
2319.52|2375.3
2320.16|2375.93
2320.8|2376.58
2321.44|2377.22
2322.08|2377.86
2322.72|2378.5
2323.36|2379.14
2324|2379.78
2324.64|2380.41
2325.28|2381.06
2325.92|2381.7
2326.56|2382.34
2327.2|2382.98
2327.84|2383.62
2328.48|2384.26
2329.12|2384.9
2329.76|2385.54
2330.4|2386.18
2331.04|2386.82
2331.68|2387.45
2332.32|2388.1
2332.96|2388.74
2333.6|2389.38
2334.24|2390.02
2334.88|2390.66
2335.52|2391.3
2336.16|2391.94
2336.8|2392.58
2337.44|2393.22
2338.08|2393.86
2338.72|2394.49
2339.36|2395.14
2340|2395.78
2340.64|2396.42
2341.28|2397.06
2341.92|2397.7
2342.56|2398.34
2343.2|2398.97
2343.84|2399.62
2344.48|2400.26
2345.12|2400.9
2345.76|2401.53
2346.4|2402.18
2347.04|2402.82
2347.68|2403.46
2348.32|2404.1
2348.96|2404.74
2349.6|2405.38
2350.24|2406.01
2350.88|2406.66
2351.52|2407.3
2352.16|2407.94
2352.8|2408.57
2353.44|2409.22
2354.08|2409.86
2354.72|2410.5
2355.36|2411.14
2356|2411.78
2356.64|2412.42
2357.28|2413.05
2357.92|2413.7
2358.56|2414.34
2359.2|2414.98
2359.84|2415.62
2360.48|2416.26
2361.12|2416.9
2361.76|2417.54
2362.4|2418.18
2363.04|2418.82
2363.68|2419.46
2364.32|2420.09
2364.96|2420.74
2365.6|2421.38
2366.24|2422.02
2366.88|2422.66
2367.52|2423.3
2368.16|2423.94
2368.8|2424.58
2369.44|2425.22
2370.08|2425.86
2370.72|2426.5
2371.36|2427.13
2372|2427.78
2372.64|2428.42
2373.28|2429.06
2373.92|2429.7
2374.56|2430.34
2375.2|2430.98
2375.84|2431.61
2376.48|2432.26
2377.12|2432.9
2377.76|2433.54
2378.4|2434.17
2379.04|2434.82
2379.68|2435.46
2380.32|2436.1
2380.96|2436.74
2381.6|2437.38
2382.24|2438.02
2382.88|2438.65
2383.52|2439.3
2384.16|2439.94
2384.8|2440.58
2385.44|2441.21
2386.08|2441.86
2386.72|2442.5
2387.36|2443.14
2388|2443.78
2388.64|2444.42
2389.28|2445.06
2389.86|2445.69
2390.37|2446.34
2390.82|2446.98
2391.2|2447.61
2391.52|2448.25
2391.84|2448.89
2392.16|2449.53
2392.48|2450.17
2392.8|2450.81
2393.12|2451.45
2393.44|2452.09
2393.76|2452.72
2394.08|2453.37
2394.39|2454
2394.72|2454.64
2395.04|2455.28
2395.35|2455.92
2395.67|2456.56
2395.99|2457.2
2396.31|2457.84
2396.63|2458.48
2396.95|2459.11
2397.27|2459.75
2397.72|2460.39
2398.31|2461.03
2398.95|2461.67
2399.59|2462.31
2400.23|2462.95
2400.87|2463.59
2401.51|2464.23
2402.15|2464.87
2402.79|2465.51
2403.43|2466.15
2404.07|2466.79
2404.71|2467.43
2405.35|2468.07
2405.99|2468.71
2406.63|2469.35
2407.27|2469.99
2407.91|2470.63
2408.55|2471.27
2409.19|2471.91
2409.83|2472.55
2410.47|2473.19
2411.11|2473.83
2411.75|2474.47
2412.39|2475.11
2412.97|2475.75
2413.48|2476.39
2413.93|2477.03
2414.37|2477.67
2414.82|2478.31
2415.27|2478.95
2415.85|2479.59
2416.49|2480.23
2417.13|2480.87
2417.77|2481.51
2418.41|2482.15
2419.05|2482.79
2419.69|2483.43
2420.33|2484.07
2420.97|2484.71
2421.61|2485.35
2422.25|2485.99
2422.89|2486.63
2423.53|2487.27
2424.17|2487.91
2424.81|2488.55
2425.45|2489.19
2426.09|2489.83
2426.73|2490.47
2427.37|2491.11
2428.01|2491.75
2428.65|2492.39
2429.29|2493.03
2429.93|2493.67
2430.57|2494.31
2431.21|2494.95
2431.85|2495.59
2432.49|2496.23
2433.13|2496.87
2433.77|2497.51
2434.41|2498.15
2435.05|2498.79
2435.69|2499.43
2436.33|2500.07
2436.97|2500.71
2437.61|2501.35
2438.25|2501.99
2438.89|2502.63
2439.53|2503.27
2440.17|2503.91
2440.81|2504.55
2441.45|2505.19
2442.09|2505.83
2442.73|2506.47
2443.37|2507.11
2444.01|2507.75
2444.65|2508.39
2445.29|2509.03
2445.93|2509.67
2446.57|2510.31
2447.21|2510.95
2447.85|2511.59
2448.49|2512.23
2449.13|2512.87
2449.77|2513.51
2450.41|2514.15
2451.05|2514.79
2451.69|2515.43
2452.33|2516.07
2452.97|2516.71
2453.61|2517.35
2454.25|2517.99
2454.89|2518.63
2455.53|2519.27
2456.17|2519.91
2456.81|2520.55
2457.45|2521.19
2458.09|2521.83
2458.73|2522.47
2459.37|2523.11
2460.01|2523.75
2460.65|2524.39
2461.29|2525.03
2461.93|2525.67
2462.57|2526.31
2463.21|2526.95
2463.85|2527.59
2464.49|2528.23
2465.13|2528.87
2465.77|2529.51
2466.41|2530.15
2467.05|2530.79
2467.69|2531.43
2468.33|2532.07
2468.97|2532.71
2469.61|2533.35
2470.25|2533.99
2470.89|2534.63
2471.53|2535.27
2472.17|2535.91
2472.81|2536.55
2473.45|2537.19
2474.09|2537.83
2474.73|2538.47
2475.37|2539.11
2476.01|2539.75
2476.65|2540.39
2477.29|2541.03
2477.93|2541.67
2478.57|2542.31
2479.21|2542.95
2479.85|2543.59
2480.49|2544.23
2481.13|2544.87
2481.77|2545.51
2482.41|2546.15
2483.05|2546.79
2483.69|2547.43
2484.33|2548.07
2484.97|2548.71
2485.61|2549.35
2486.25|2549.99
2486.89|2550.63
2487.53|2551.27
2488.17|2551.91
2488.81|2552.55
2489.45|2553.19
2490.09|2553.83
2490.73|2554.47
2491.37|2555.11
2492.01|2555.75
2492.65|2556.39
2493.29|2557.03
2493.93|2557.67
2494.57|2558.31
2495.21|2558.95
2495.85|2559.59
2496.49|2560.23
2497.13|2560.87
2497.77|2561.51
2498.41|2562.15
2499.05|2562.79
2499.69|2563.43
2500.33|2564.07
2500.97|2564.71
2501.61|2565.35
2502.25|2565.99
2502.89|2566.63
2503.53|2567.27
2504.17|2567.91
2504.81|2568.55
2505.45|2569.19
2506.09|2569.83
2506.73|2570.47
2507.37|2571.11
2508.01|2571.75
2508.65|2572.39
2509.29|2573.03
2509.93|2573.67
2510.57|2574.31
2511.21|2574.95
2511.85|2575.59
2512.49|2576.23
2513.13|2576.87
2513.77|2577.51
2514.41|2578.15
2515.05|2578.79
2515.69|2579.43
2516.33|2580.07
2516.97|2580.71
2517.61|2581.35
2518.25|2581.99
2518.89|2582.63
2519.53|2583.27
2520.17|2583.91
2520.81|2584.55
2521.45|2585.19
2522.09|2585.83
2522.73|2586.47
2523.37|2587.11
2524.01|2587.75
2524.65|2588.39
2525.29|2589.03
2525.93|2589.67
2526.57|2590.31
2527.21|2590.95
2527.85|2591.59
2528.49|2592.23
2529.13|2592.87
2529.77|2593.51
2530.41|2594.15
2531.05|2594.79
2531.69|2595.43
2532.33|2596.07
2532.97|2596.71
2533.61|2597.35
2534.25|2597.99
2534.89|2598.63
2535.53|2599.27
2536.17|2599.91
2536.81|2600.55
2537.45|2601.19
2538.09|2601.83
2538.73|2602.47
2539.37|2603.11
2540.01|2603.75
2540.65|2604.39
2541.29|2605.03
2541.93|2605.67
2542.57|2606.31
2543.21|2606.95
2543.85|2607.59
2544.49|2608.23
2545.13|2608.87
2545.77|2609.51
2546.41|2610.15
2547.05|2610.79
2547.69|2611.43
2548.33|2612.07
2548.97|2612.71
2549.61|2613.35
2550.25|2613.99
2550.89|2614.63
2551.53|2615.27
2552.17|2615.91
2552.81|2616.55
2553.45|2617.19
2554.09|2617.83
2554.73|2618.47
2555.37|2619.11
2556.01|2619.75
2556.65|2620.39
2557.29|2621.03
2557.93|2621.67
2558.57|2622.31
2559.21|2622.95
2559.85|2623.59
2560.49|2624.23
2561.13|2624.87
2561.77|2625.51
2562.41|2626.15
2563.05|2626.79
2563.69|2627.43
2564.33|2628.07
2564.97|2628.71
2565.61|2629.35
2566.25|2629.99
2566.89|2630.63
2567.53|2631.27
2568.17|2631.91
2568.81|2632.55
2569.45|2633.19
2570.09|2633.83
2570.73|2634.47
2571.37|2635.11
2572.01|2635.75
2572.65|2636.39
2573.29|2637.03
2573.93|2637.67
2574.57|2638.31
2575.21|2638.95
2575.85|2639.59
2576.49|2640.23
2577.13|2640.87
2577.77|2641.51
2578.41|2642.15
2579.05|2642.79
2579.69|2643.43
2580.33|2644.07
2580.97|2644.71
2581.61|2645.35
2582.25|2645.99
2582.89|2646.63
2583.53|2647.27
2584.17|2647.91
2584.81|2648.55
2585.45|2649.19
2586.09|2649.83
2586.73|2650.47
2587.37|2651.11
2588.01|2651.75
2588.65|2652.39
2589.29|2653.03
2589.93|2653.67
2590.57|2654.31
2591.21|2654.95
2591.85|2655.59
2592.49|2656.23
2593.13|2656.87
2593.77|2657.51
2594.41|2658.15
2595.05|2658.79
2595.69|2659.43
2596.33|2660.07
2596.97|2660.71
2597.61|2661.35
2598.25|2661.99
2598.89|2662.63
2599.53|2663.27
2600.17|2663.91
2600.81|2664.55
2601.45|2665.19
2602.09|2665.83
2602.73|2666.47
2603.37|2667.11
2604.01|2667.75
2604.65|2668.39
2605.29|2669.03
2605.93|2669.67
2606.57|2670.31
2607.21|2670.95
2607.85|2671.59
2608.49|2672.23
2609.13|2672.87
2609.77|2673.51
2610.41|2674.15
2611.05|2674.79
2611.69|2675.43
2612.33|2676.07
2612.97|2676.71
2613.61|2677.35
2614.25|2677.99
2614.89|2678.63
2615.53|2679.27
2616.17|2679.91
2616.81|2680.55
2617.45|2681.19
2618.09|2681.83
2618.73|2682.47
2619.37|2683.11
2620.01|2683.75
2620.65|2684.39
2621.29|2685.03
2621.93|2685.67
2622.57|2686.31
2623.21|2686.95
2623.85|2687.59
2624.49|2688.23
2625.13|2688.87
2625.77|2689.51
2626.41|2690.15
2627.05|2690.79
2627.69|2691.43
2628.33|2692.07
2628.97|2692.71
2629.61|2693.35
2630.25|2693.99
2630.89|2694.63
2631.53|2695.27
2632.17|2695.91
2632.81|2696.55
2633.45|2697.19
2634.09|2697.83
2634.73|2698.47
2635.37|2699.11
2636.01|2699.75
2636.65|2700.39
2637.29|2701.03
2637.93|2701.67
2638.57|2702.31
2639.21|2702.95
2639.85|2703.59
2640.49|2704.23
2641.13|2704.87
2641.77|2705.51
2642.41|2706.15
2643.05|2706.79
2643.69|2707.43
2644.33|2708.07
2644.97|2708.71
2645.61|2709.35
2646.25|2709.99
2646.89|2710.63
2647.53|2711.27
2648.17|2711.91
2648.81|2712.55
2649.45|2713.19
2650.09|2713.83
2650.73|2714.47
2651.37|2715.11
2652.01|2715.75
2652.65|2716.39
2653.29|2717.03
2653.93|2717.67
2654.57|2718.31
2655.21|2718.95
2655.85|2719.59
2656.49|2720.23
2657.13|2720.87
2657.77|2721.51
2658.41|2722.15
2659.05|2722.79
2659.69|2723.43
2660.33|2724.07
2660.97|2724.71
2661.61|2725.35
2662.25|2725.99
2662.89|2726.63
2663.53|2727.27
2664.17|2727.91
2664.81|2728.55
2665.45|2729.19
2666.09|2729.83
2666.73|2730.47
2667.37|2731.11
2668.01|2731.75
2668.65|2732.39
2669.29|2733.03
2669.93|2733.67
2670.57|2734.31
2671.21|2734.95
2671.85|2735.59
2672.49|2736.23
2673.13|2736.87
2673.77|2737.51
2674.41|2738.15
2675.05|2738.79
2675.69|2739.43
2676.33|2740.07
2676.97|2740.71
2677.61|2741.35
2678.25|2741.99
2678.89|2742.63
2679.53|2743.27
2680.17|2743.91
2680.81|2744.55
2681.45|2745.19
2682.09|2745.83
2682.73|2746.47
2683.37|2747.11
2684.01|2747.75
2684.65|2748.39
2685.29|2749.03
2685.93|2749.67
2686.57|2750.31
2687.21|2750.95
2687.85|2751.59
2688.49|2752.23
2689.13|2752.87
2689.77|2753.51
2690.41|2754.15
2691.05|2754.79
2691.69|2755.43
2692.33|2756.07
2692.97|2756.71
2693.61|2757.35
2694.25|2757.99
2694.89|2758.63
2695.53|2759.27
2696.17|2759.91
2696.81|2760.55
2697.45|2761.19
2698.09|2761.83
2698.73|2762.47
2699.37|2763.11
2700.01|2763.75
2700.65|2764.39
2701.29|2765.03
2701.93|2765.67
2702.57|2766.31
2703.21|2766.95
2703.85|2767.59
2704.49|2768.23
2705.13|2768.87
2705.77|2769.51
2706.41|2770.15
2707.05|2770.79
2707.69|2771.43
2708.33|2772.07
2708.91|2772.71
2709.42|2773.35
2709.87|2773.99
2710.25|2774.63
2710.57|2775.27
2710.83|2775.91
2711.08|2776.55
2711.34|2777.18
2711.59|2777.82
2711.85|2778.46
2712.1|2779.1
2712.36|2779.74
2712.62|2780.38
2712.87|2781.01
2713.13|2781.65
2713.38|2782.29
2713.77|2782.93
2714.3|2783.57
2714.93|2784.21
2715.57|2784.85
2716.22|2785.49
2716.86|2786.13
2717.49|2786.77
2718.13|2787.41
2718.78|2788.05
2719.41|2788.69
2720.05|2789.33
2720.69|2789.97
2721.34|2790.61
2721.97|2791.25
2722.61|2791.89
2723.26|2792.53
2723.9|2793.17
2724.53|2793.81
2725.17|2794.45
2725.82|2795.09
2726.45|2795.73
2727.09|2796.37
2727.74|2797.01
2728.38|2797.65
2729.01|2798.29
2729.65|2798.93
2730.23|2799.57
2730.74|2800.21
2731.19|2800.85
2731.64|2801.49
2732.09|2802.13
2732.53|2802.77
2732.98|2803.41
2733.43|2804.05
2733.88|2804.69
2734.46|2805.33
2735.1|2805.96
2735.74|2806.61
2736.38|2807.25
2737.02|2807.89
2737.66|2808.53
2738.3|2809.17
2738.94|2809.81
2739.58|2810.44
2740.22|2811.09
2740.86|2811.73
2741.5|2812.37
2742.14|2813
2742.78|2813.65
2743.36|2814.29
2743.87|2814.92
2744.31|2815.57
2744.7|2816.2
2745.02|2816.84
2745.34|2817.48
2745.66|2818.12
2745.98|2818.76
2746.29|2819.4
2746.62|2820.04
2747.07|2820.68
2747.66|2821.32
2748.3|2821.96
2748.94|2822.6
2749.58|2823.24
2750.22|2823.88
2750.86|2824.52
2751.49|2825.16
2752.14|2825.8
2752.78|2826.44
2753.42|2827.08
2754.06|2827.72
2754.7|2828.36
2755.34|2828.93
2755.97|2829.45
2756.62|2829.96
2757.26|2830.47
2757.89|2830.98
2758.53|2831.49
2759.18|2832.01
2759.81|2832.52
2760.45|2833.16
2761.1|2833.8
2761.73|2834.44
2762.37|2835.08
2763.01|2835.72
2763.66|2836.36
2764.29|2837
2764.93|2837.64
2765.57|2838.28
2766.22|2838.92
2766.85|2839.56
2767.49|2840.2
2768.14|2840.84
2768.77|2841.48
2769.41|2842.12
2770.05|2842.76
2770.7|2843.4
2771.33|2844.04
2771.97|2844.68
2772.55|2845.32
2773.06|2845.96
2773.51|2846.6
2773.96|2847.24
2774.41|2847.87
2774.85|2848.52
2775.3|2849.15
2775.75|2849.79
2776.2|2850.43
2776.78|2851.07
2777.42|2851.71
2778.06|2852.35
2778.7|2852.99
2779.34|2853.63
2779.98|2854.27
2780.62|2854.91
2781.26|2855.55
2781.83|2856.19
2782.35|2856.83
2782.79|2857.47
2783.24|2858.11
2783.69|2858.75
2784.14|2859.33
2784.59|2859.84
2785.03|2860.29
2785.48|2860.67
2785.93|2860.99
2786.38|2861.31
2786.83|2861.63
2787.27|2861.95
2787.72|2862.27
2788.17|2862.59
2788.62|2862.91
2789.06|2863.23
2789.51|2863.55
2789.96|2863.87
2790.41|2864.19
2790.86|2864.51
2791.3|2864.83
2791.75|2865.15
2792.2|2865.47
2792.65|2865.79
2793.09|2866.11
2793.54|2866.43
2793.99|2866.75
2794.57|2867.2
2795.21|2867.79
2795.85|2868.43
2796.49|2869.07
2797.13|2869.71
2797.77|2870.35
2798.41|2870.99
2799.05|2871.63
2799.69|2872.27
2800.33|2872.91
2800.97|2873.55
2801.61|2874.19
2802.25|2874.83
2802.89|2875.47
2803.53|2876.11
2804.17|2876.75
2804.81|2877.39
2805.45|2878.03
2806.09|2878.67
2806.73|2879.31
2807.37|2879.95
2808.01|2880.59
2808.65|2881.23
2809.29|2881.87
2809.93|2882.51
2810.57|2883.15
2811.21|2883.79
2811.85|2884.43
2812.49|2885.07
2813.13|2885.71
2813.77|2886.35
2814.41|2886.99
2815.05|2887.63
2815.69|2888.27
2816.33|2888.91
2816.97|2889.55
2817.61|2890.19
2818.25|2890.83
2818.89|2891.47
2819.53|2892.11
2820.17|2892.75
2820.81|2893.39
2821.45|2894.03
2822.09|2894.67
2822.73|2895.31
2823.37|2895.95
2824.01|2896.59
2824.65|2897.23
2825.29|2897.87
2825.93|2898.51
2826.57|2899.15
2827.21|2899.79
2827.85|2900.43
2828.49|2901.07
2829.13|2901.71
2829.77|2902.35
2830.41|2902.99
2831.05|2903.63
2831.69|2904.27
2832.33|2904.91
2832.97|2905.55
2833.61|2906.19
2834.25|2906.83
2834.89|2907.47
2835.53|2908.11
2836.17|2908.75
2836.81|2909.39
2837.45|2910.03
2838.09|2910.67
2838.73|2911.31
2839.37|2911.95
2840.01|2912.59
2840.65|2913.23
2841.29|2913.87
2841.93|2914.51
2842.57|2915.15
2843.21|2915.79
2843.85|2916.43
2844.49|2917.07
2845.13|2917.71
2845.77|2918.35
2846.41|2918.99
2847.05|2919.63
2847.69|2920.27
2848.33|2920.91
2848.97|2921.55
2849.61|2922.19
2850.25|2922.83
2850.89|2923.47
2851.53|2924.11
2852.17|2924.75
2852.81|2925.39
2853.45|2926.03
2854.09|2926.67
2854.73|2927.31
2855.37|2927.95
2856.01|2928.59
2856.65|2929.23
2857.29|2929.87
2857.93|2930.51
2858.57|2931.15
2859.21|2931.79
2859.85|2932.43
2860.49|2933.07
2861.13|2933.71
2861.77|2934.35
2862.41|2934.99
2863.05|2935.63
2863.69|2936.27
2864.33|2936.91
2864.97|2937.55
2865.61|2938.19
2866.25|2938.83
2866.89|2939.47
2867.53|2940.11
2868.17|2940.75
2868.81|2941.39
2869.45|2942.03
2870.09|2942.67
2870.73|2943.31
2871.37|2943.95
2872.01|2944.59
2872.65|2945.23
2873.29|2945.87
2873.93|2946.51
2874.57|2947.15
2875.21|2947.79
2875.85|2948.43
2876.49|2949.07
2877.13|2949.71
2877.77|2950.35
2878.35|2950.99
2878.86|2951.63
2879.31|2952.27
2879.69|2952.91
2880.08|2953.55
2880.46|2954.19
2880.84|2954.83
2881.23|2955.47
2881.61|2956.11
2881.99|2956.75
2882.38|2957.38
2882.76|2958.02
2883.14|2958.66
2883.53|2959.3
2883.91|2959.94
2884.29|2960.58
2884.68|2961.22
2885.06|2961.86
2885.45|2962.5
2885.96|2963.14
2886.6|2963.78
2887.24|2964.42
2887.88|2965.06
2888.52|2965.7
2889.16|2966.34
2889.8|2966.98
2890.44|2967.62
2891.08|2968.26
2891.72|2968.9
2892.36|2969.54
2892.94|2970.18
2893.45|2970.82
2893.9|2971.46
2894.28|2972.1
2894.67|2972.74
2895.05|2973.38
2895.43|2974.02
2895.82|2974.65
2896.2|2975.29
2896.72|2975.93
2897.36|2976.57
2898|2977.21
2898.64|2977.85
2899.28|2978.49
2899.92|2979.13
2900.56|2979.77
2901.2|2980.41
2901.84|2981.05
2902.48|2981.69
2903.12|2982.33
2903.76|2982.97
2904.4|2983.61
2905.04|2984.25
2905.68|2984.89
2906.32|2985.53
2906.96|2986.17
2907.6|2986.81
2908.24|2987.45
2908.88|2988.09
2909.52|2988.73
2910.16|2989.37
2910.74|2990.01
2911.25|2990.65
2911.76|2991.29
2912.27|2991.93
2912.78|2992.57
2913.29|2993.21
2913.81|2993.85
2914.45|2994.49
2915.09|2995.13
2915.73|2995.77
2916.37|2996.41
2917.01|2997.05
2917.64|2997.69
2918.29|2998.33
2918.93|2998.97
2919.57|2999.61
2920.2|3000.19
2920.85|3000.7
2921.49|3001.21
2922.12|3001.72
2922.77|3002.24
2923.41|3002.75
2924.04|3003.26
2924.68|3003.77
2925.33|3004.28
2925.96|3004.8
2926.6|3005.31
2927.24|3005.82
2927.88|3006.33
2928.52|3006.84
2929.16|3007.36
2929.8|3007.87
2930.44|3008.38
2931.08|3009.02
2931.72|3009.66
2932.3|3010.3
2932.81|3010.94
2933.26|3011.58
2933.64|3012.22
2933.96|3012.86
2934.28|3013.5
2934.6|3014.13
2934.92|3014.77
2935.24|3015.41
2935.56|3016.05
2935.88|3016.69
2936.2|3017.33
2936.52|3017.97
2936.84|3018.61
2937.29|3019.25
2937.88|3019.89
2938.52|3020.53
2939.16|3021.17
2939.8|3021.81
2940.44|3022.45
2941.08|3023.09
2941.72|3023.73
2942.36|3024.37
2943|3025.01
2943.64|3025.65
2944.28|3026.22
2944.92|3026.73
2945.56|3027.25
2946.2|3027.76
2946.84|3028.27
2947.48|3028.78
2948.12|3029.29
2948.76|3029.81
2949.4|3030.32
2950.04|3030.83
2950.68|3031.34
2951.32|3031.85
2951.96|3032.36
2952.6|3032.81
2953.23|3033.2
2953.88|3033.51
2954.51|3033.83
2955.15|3034.16
2955.79|3034.47
2956.43|3034.79
2957.07|3035.11
2957.71|3035.57
2958.35|3036.15
2958.99|3036.8
2959.63|3037.43
2960.27|3038.07
2960.91|3038.71
2961.55|3039.35
2962.19|3039.99
2962.83|3040.63
2963.4|3041.27
2963.92|3041.91
2964.36|3042.55
2964.75|3043.19
2965.07|3043.83
2965.39|3044.47
2965.71|3045.11
2966.03|3045.75
2966.35|3046.39
2966.67|3047.03
2967.12|3047.67
2967.71|3048.31
2968.35|3048.95
2968.99|3049.59
2969.63|3050.23
2970.27|3050.87
2970.91|3051.51
2971.55|3052.15
2972.19|3052.79
2972.83|3053.43
2973.47|3054.07
2974.11|3054.71
2974.75|3055.35
2975.39|3055.99
2976.03|3056.63
2976.67|3057.27
2977.31|3057.91
2977.95|3058.48
2978.59|3058.99
2979.23|3059.51
2979.86|3060.02
2980.51|3060.53
2981.15|3061.04
2981.78|3061.55
2982.42|3062.06
2983.07|3062.71
2983.7|3063.35
2984.34|3063.98
2984.99|3064.62
2985.63|3065.27
2986.26|3065.91
2986.9|3066.54
2987.55|3067.18
2988.18|3067.83
2988.82|3068.47
2989.46|3069.1
2990.11|3069.75
2990.74|3070.39
2991.38|3071.02
2992.03|3071.66
2992.67|3072.31
2993.3|3072.95
2993.94|3073.58
2994.59|3074.22
2995.22|3074.87
2995.86|3075.51
2996.51|3076.14
2997.15|3076.79
2997.78|3077.43
2998.42|3078.06
2999.07|3078.7
2999.71|3079.35
3000.34|3079.99
3000.98|3080.62
3001.63|3081.26
3002.26|3081.91
3002.9|3082.55
3003.55|3083.18
3004.19|3083.83
3004.82|3084.47
3005.46|3085.1
3006.11|3085.74
3006.75|3086.39
3007.38|3087.03
3008.02|3087.66
3008.67|3088.31
3009.3|3088.95
3009.94|3089.58
3010.59|3090.22
3011.23|3090.87
3011.86|3091.51
3012.5|3092.14
